Year	Period	Rainfall
1839	1	8
1839	2	0
1839	3	22
1839	4	7
1839	5	8
1839	6	0
1839	7	0
1839	8	0
1839	9	0
1839	10	45
1839	11	6
1839	12	42
1839	13	0
1839	14	22
1839	15	12
1839	16	3
1839	17	0
1839	18	12
1839	19	12
1839	20	14
1839	21	8
1839	22	0
1839	23	11
1839	24	0
1839	25	0
1839	26	91
1839	27	0
1839	28	64
1839	29	92
1839	30	108
1839	31	20
1839	32	46
1839	33	106
1839	34	41
1839	35	0
1839	36	104
1839	37	25
1839	38	7
1839	39	86
1839	40	111
1839	41	158
1839	42	8
1839	43	10
1839	44	3
1839	45	18
1839	46	106
1839	47	34
1839	48	21
1839	49	14
1839	50	0
1839	51	122
1839	52	31
1839	53	44
1839	54	164
1839	55	84
1839	56	7
1839	57	12
1839	58	0
1839	59	0
1839	60	16
1839	61	0
1840	1	33
1840	2	0
1840	3	0
1840	4	0
1840	5	0
1840	6	0
1840	7	8
1840	8	68
1840	9	107
1840	10	18
1840	11	0
1840	12	28
1840	13	22
1840	14	3
1840	15	3
1840	16	0
1840	17	0
1840	18	50
1840	19	37
1840	20	13
1840	21	20
1840	22	67
1840	23	0
1840	24	0
1840	25	79
1840	26	3
1840	27	0
1840	28	132
1840	29	137
1840	30	44
1840	31	12
1840	32	22
1840	33	66
1840	34	10
1840	35	58
1840	36	58
1840	37	73
1840	38	146
1840	39	32
1840	40	18
1840	41	92
1840	42	122
1840	43	171
1840	44	79
1840	45	0
1840	46	1
1840	47	0
1840	48	66
1840	49	120
1840	50	0
1840	51	4
1840	52	0
1840	53	7
1840	54	0
1840	55	12
1840	56	0
1840	57	0
1840	58	0
1840	59	20
1840	60	111
1840	61	251
1841	1	0
1841	2	45
1841	3	0
1841	4	0
1841	5	0
1841	6	0
1841	7	0
1841	8	0
1841	9	11
1841	10	24
1841	11	56
1841	12	22
1841	13	0
1841	14	0
1841	15	3
1841	16	125
1841	17	22
1841	18	178
1841	19	7
1841	20	25
1841	21	0
1841	22	23
1841	23	75
1841	24	3
1841	25	70
1841	26	11
1841	27	0
1841	28	0
1841	29	217
1841	30	4
1841	31	0
1841	32	30
1841	33	18
1841	34	0
1841	35	18
1841	36	50
1841	37	80
1841	38	78
1841	39	39
1841	40	16
1841	41	34
1841	42	5
1841	43	125
1841	44	11
1841	45	58
1841	46	10
1841	47	5
1841	48	40
1841	49	27
1841	50	0
1841	51	34
1841	52	16
1841	53	4
1841	54	2
1841	55	0
1841	56	64
1841	57	48
1841	58	0
1841	59	11
1841	60	36
1841	61	15
1842	1	3
1842	2	0
1842	3	0
1842	4	7
1842	5	27
1842	6	0
1842	7	0
1842	8	18
1842	9	30
1842	10	23
1842	11	0
1842	12	78
1842	13	11
1842	14	12
1842	15	0
1842	16	101
1842	17	64
1842	18	1
1842	19	2
1842	20	13
1842	21	0
1842	22	49
1842	23	71
1842	24	85
1842	25	0
1842	26	0
1842	27	24
1842	28	108
1842	29	0
1842	30	60
1842	31	76
1842	32	45
1842	33	0
1842	34	114
1842	35	6
1842	36	49
1842	37	37
1842	38	58
1842	39	35
1842	40	66
1842	41	61
1842	42	3
1842	43	85
1842	44	9
1842	45	3
1842	46	122
1842	47	8
1842	48	23
1842	49	142
1842	50	20
1842	51	35
1842	52	4
1842	53	0
1842	54	57
1842	55	42
1842	56	50
1842	57	95
1842	58	0
1842	59	0
1842	60	0
1842	61	0
1843	1	0
1843	2	9
1843	3	12
1843	4	0
1843	5	0
1843	6	4
1843	7	0
1843	8	5
1843	9	0
1843	10	45
1843	11	0
1843	12	0
1843	13	59
1843	14	0
1843	15	0
1843	16	0
1843	17	0
1843	18	24
1843	19	44
1843	20	38
1843	21	1
1843	22	8
1843	23	33
1843	24	47
1843	25	4
1843	26	208
1843	27	14
1843	28	0
1843	29	30
1843	30	99
1843	31	154
1843	32	42
1843	33	14
1843	34	76
1843	35	31
1843	36	87
1843	37	44
1843	38	68
1843	39	1
1843	40	37
1843	41	20
1843	42	12
1843	43	53
1843	44	11
1843	45	27
1843	46	5
1843	47	22
1843	48	55
1843	49	4
1843	50	48
1843	51	35
1843	52	10
1843	53	0
1843	54	4
1843	55	6
1843	56	0
1843	57	159
1843	58	0
1843	59	0
1843	60	0
1843	61	0
1844	1	11
1844	2	19
1844	3	14
1844	4	0
1844	5	8
1844	6	0
1844	7	2
1844	8	4
1844	9	12
1844	10	0
1844	11	0
1844	12	25
1844	13	27
1844	14	0
1844	15	15
1844	16	13
1844	17	6
1844	18	74
1844	19	55
1844	20	20
1844	21	9
1844	22	5
1844	23	85
1844	24	31
1844	25	31
1844	26	31
1844	27	0
1844	28	0
1844	29	57
1844	30	57
1844	31	103
1844	32	92
1844	33	65
1844	34	101
1844	35	5
1844	36	0
1844	37	65
1844	38	61
1844	39	39
1844	40	45
1844	41	1
1844	42	15
1844	43	10
1844	44	81
1844	45	69
1844	46	84
1844	47	45
1844	48	1
1844	49	1
1844	50	18
1844	51	15
1844	52	28
1844	53	0
1844	54	31
1844	55	32
1844	56	0
1844	57	0
1844	58	75
1844	59	8
1844	60	0
1844	61	0
1845	1	0
1845	2	4
1845	3	9
1845	4	0
1845	5	0
1845	6	3
1845	7	12
1845	8	0
1845	9	0
1845	10	17
1845	11	0
1845	12	3
1845	13	0
1845	14	0
1845	15	23
1845	16	6
1845	17	4
1845	18	0
1845	19	45
1845	20	0
1845	21	27
1845	22	35
1845	23	23
1845	24	8
1845	25	128
1845	26	107
1845	27	8
1845	28	187
1845	29	12
1845	30	97
1845	31	31
1845	32	35
1845	33	18
1845	34	81
1845	35	45
1845	36	23
1845	37	50
1845	38	92
1845	39	35
1845	40	106
1845	41	35
1845	42	0
1845	43	103
1845	44	42
1845	45	9
1845	46	58
1845	47	0
1845	48	81
1845	49	9
1845	50	0
1845	51	10
1845	52	57
1845	53	11
1845	54	7
1845	55	50
1845	56	13
1845	57	2
1845	58	8
1845	59	103
1845	60	0
1845	61	10
1846	1	3
1846	2	12
1846	3	0
1846	4	0
1846	5	0
1846	6	160
1846	7	4
1846	8	0
1846	9	40
1846	10	28
1846	11	0
1846	12	0
1846	13	63
1846	14	0
1846	15	3
1846	16	2
1846	17	9
1846	18	24
1846	19	8
1846	20	209
1846	21	100
1846	22	9
1846	23	0
1846	24	145
1846	25	28
1846	26	76
1846	27	101
1846	28	3
1846	29	17
1846	30	46
1846	31	55
1846	32	131
1846	33	0
1846	34	30
1846	35	142
1846	36	150
1846	37	77
1846	38	6
1846	39	4
1846	40	11
1846	41	141
1846	42	10
1846	43	44
1846	44	116
1846	45	14
1846	46	0
1846	47	14
1846	48	11
1846	49	1
1846	50	143
1846	51	55
1846	52	0
1846	53	10
1846	54	211
1846	55	74
1846	56	0
1846	57	1
1846	58	0
1846	59	5
1846	60	0
1846	61	145
1847	1	162
1847	2	0
1847	3	0
1847	4	0
1847	5	0
1847	6	3
1847	7	0
1847	8	0
1847	9	0
1847	10	0
1847	11	83
1847	12	5
1847	13	0
1847	14	0
1847	15	73
1847	16	0
1847	17	0
1847	18	182
1847	19	50
1847	20	48
1847	21	155
1847	22	0
1847	23	40
1847	24	72
1847	25	0
1847	26	125
1847	27	46
1847	28	124
1847	29	365
1847	30	70
1847	31	195
1847	32	52
1847	33	39
1847	34	155
1847	35	98
1847	36	81
1847	37	70
1847	38	0
1847	39	21
1847	40	0
1847	41	5
1847	42	0
1847	43	35
1847	44	15
1847	45	3
1847	46	189
1847	47	0
1847	48	0
1847	49	16
1847	50	37
1847	51	5
1847	52	32
1847	53	0
1847	54	70
1847	55	0
1847	56	17
1847	57	0
1847	58	19
1847	59	150
1847	60	2
1847	61	0
1848	1	0
1848	2	0
1848	3	0
1848	4	0
1848	5	0
1848	6	0
1848	7	0
1848	8	0
1848	9	0
1848	10	0
1848	11	2
1848	12	0
1848	13	95
1848	14	0
1848	15	0
1848	16	0
1848	17	48
1848	18	27
1848	19	0
1848	20	0
1848	21	20
1848	22	110
1848	23	93
1848	24	0
1848	25	0
1848	26	0
1848	27	13
1848	28	8
1848	29	47
1848	30	20
1848	31	139
1848	32	14
1848	33	38
1848	34	35
1848	35	40
1848	36	92
1848	37	8
1848	38	63
1848	39	47
1848	40	71
1848	41	45
1848	42	116
1848	43	6
1848	44	100
1848	45	59
1848	46	31
1848	47	12
1848	48	74
1848	49	18
1848	50	117
1848	51	59
1848	52	33
1848	53	25
1848	54	101
1848	55	82
1848	56	1
1848	57	22
1848	58	6
1848	59	2
1848	60	0
1848	61	37
1849	1	0
1849	2	0
1849	3	0
1849	4	0
1849	5	0
1849	6	0
1849	7	28
1849	8	0
1849	9	1
1849	10	0
1849	11	7
1849	12	10
1849	13	32
1849	14	12
1849	15	0
1849	16	0
1849	17	0
1849	18	25
1849	19	141
1849	20	63
1849	21	3
1849	22	6
1849	23	0
1849	24	152
1849	25	15
1849	26	190
1849	27	57
1849	28	0
1849	29	252
1849	30	218
1849	31	172
1849	32	35
1849	33	53
1849	34	124
1849	35	0
1849	36	66
1849	37	134
1849	38	14
1849	39	22
1849	40	46
1849	41	99
1849	42	19
1849	43	78
1849	44	55
1849	45	48
1849	46	48
1849	47	9
1849	48	27
1849	49	9
1849	50	0
1849	51	29
1849	52	74
1849	53	0
1849	54	50
1849	55	58
1849	56	23
1849	57	12
1849	58	23
1849	59	0
1849	60	0
1849	61	6
1850	1	0
1850	2	23
1850	3	0
1850	4	0
1850	5	76
1850	6	301
1850	7	0
1850	8	0
1850	9	5
1850	10	8
1850	11	0
1850	12	0
1850	13	0
1850	14	0
1850	15	25
1850	16	0
1850	17	0
1850	18	81
1850	19	0
1850	20	9
1850	21	0
1850	22	44
1850	23	78
1850	24	10
1850	25	48
1850	26	22
1850	27	155
1850	28	133
1850	29	17
1850	30	50
1850	31	10
1850	32	43
1850	33	8
1850	34	0
1850	35	3
1850	36	62
1850	37	20
1850	38	9
1850	39	13
1850	40	68
1850	41	0
1850	42	119
1850	43	38
1850	44	4
1850	45	37
1850	46	17
1850	47	0
1850	48	72
1850	49	0
1850	50	0
1850	51	100
1850	52	65
1850	53	0
1850	54	0
1850	55	0
1850	56	15
1850	57	0
1850	58	68
1850	59	0
1850	60	0
1850	61	92
1851	1	104
1851	2	6
1851	3	3
1851	4	0
1851	5	0
1851	6	0
1851	7	6
1851	8	9
1851	9	0
1851	10	0
1851	11	42
1851	12	22
1851	13	31
1851	14	0
1851	15	0
1851	16	0
1851	17	23
1851	18	14
1851	19	70
1851	20	45
1851	21	192
1851	22	191
1851	23	55
1851	24	34
1851	25	153
1851	26	32
1851	27	27
1851	28	169
1851	29	119
1851	30	19
1851	31	68
1851	32	71
1851	33	172
1851	34	143
1851	35	50
1851	36	45
1851	37	113
1851	38	0
1851	39	252
1851	40	42
1851	41	112
1851	42	56
1851	43	106
1851	44	14
1851	45	77
1851	46	0
1851	47	34
1851	48	12
1851	49	0
1851	50	70
1851	51	30
1851	52	3
1851	53	59
1851	54	253
1851	55	7
1851	56	7
1851	57	4
1851	58	11
1851	59	7
1851	60	0
1851	61	3
1852	1	25
1852	2	25
1852	3	25
1852	4	50
1852	5	25
1852	6	0
1852	7	0
1852	8	40
1852	9	0
1852	10	0
1852	11	0
1852	12	0
1852	13	0
1852	14	0
1852	15	3
1852	16	0
1852	17	0
1852	18	3
1852	19	80
1852	20	117
1852	21	40
1852	22	93
1852	23	34
1852	24	106
1852	25	0
1852	26	41
1852	27	79
1852	28	170
1852	29	5
1852	30	14
1852	31	111
1852	32	18
1852	33	190
1852	34	53
1852	35	54
1852	36	60
1852	37	165
1852	38	149
1852	39	65
1852	40	117
1852	41	117
1852	42	10
1852	43	43
1852	44	19
1852	45	27
1852	46	112
1852	47	50
1852	48	7
1852	49	47
1852	50	3
1852	51	50
1852	52	0
1852	53	0
1852	54	83
1852	55	11
1852	56	98
1852	57	0
1852	58	0
1852	59	15
1852	60	78
1852	61	18
1853	1	0
1853	2	37
1853	3	4
1853	4	0
1853	5	0
1853	6	0
1853	7	4
1853	8	60
1853	9	0
1853	10	3
1853	11	5
1853	12	15
1853	13	0
1853	14	0
1853	15	13
1853	16	29
1853	17	24
1853	18	138
1853	19	5
1853	20	207
1853	21	459
1853	22	14
1853	23	103
1853	24	10
1853	25	121
1853	26	15
1853	27	24
1853	28	64
1853	29	127
1853	30	17
1853	31	45
1853	32	41
1853	33	28
1853	34	104
1853	35	55
1853	36	31
1853	37	43
1853	38	8
1853	39	15
1853	40	54
1853	41	116
1853	42	98
1853	43	101
1853	44	90
1853	45	21
1853	46	75
1853	47	119
1853	48	47
1853	49	0
1853	50	0
1853	51	0
1853	52	26
1853	53	0
1853	54	0
1853	55	0
1853	56	16
1853	57	0
1853	58	0
1853	59	0
1853	60	82
1853	61	0
1854	1	0
1854	2	0
1854	3	0
1854	4	0
1854	5	9
1854	6	1
1854	7	0
1854	8	0
1854	9	0
1854	10	3
1854	11	3
1854	12	13
1854	13	10
1854	14	6
1854	15	73
1854	16	0
1854	17	30
1854	18	64
1854	19	108
1854	20	64
1854	21	25
1854	22	24
1854	23	12
1854	24	107
1854	25	0
1854	26	0
1854	27	0
1854	28	39
1854	29	0
1854	30	74
1854	31	43
1854	32	20
1854	33	29
1854	34	57
1854	35	97
1854	36	15
1854	37	30
1854	38	49
1854	39	48
1854	40	89
1854	41	38
1854	42	11
1854	43	50
1854	44	4
1854	45	4
1854	46	144
1854	47	10
1854	48	2
1854	49	11
1854	50	0
1854	51	7
1854	52	28
1854	53	1
1854	54	0
1854	55	21
1854	56	10
1854	57	23
1854	58	0
1854	59	9
1854	60	0
1854	61	20
1855	1	0
1855	2	0
1855	3	0
1855	4	0
1855	5	0
1855	6	4
1855	7	0
1855	8	0
1855	9	0
1855	10	128
1855	11	8
1855	12	10
1855	13	126
1855	14	143
1855	15	25
1855	16	0
1855	17	3
1855	18	0
1855	19	68
1855	20	39
1855	21	0
1855	22	36
1855	23	9
1855	24	72
1855	25	187
1855	26	147
1855	27	51
1855	28	43
1855	29	0
1855	30	20
1855	31	20
1855	32	123
1855	33	63
1855	34	28
1855	35	99
1855	36	25
1855	37	85
1855	38	12
1855	39	17
1855	40	45
1855	41	4
1855	42	67
1855	43	164
1855	44	18
1855	45	76
1855	46	16
1855	47	9
1855	48	68
1855	49	0
1855	50	92
1855	51	10
1855	52	0
1855	53	43
1855	54	8
1855	55	0
1855	56	0
1855	57	0
1855	58	47
1855	59	57
1855	60	0
1855	61	0
1856	1	0
1856	2	81
1856	3	0
1856	4	0
1856	5	7
1856	6	0
1856	7	250
1856	8	0
1856	9	0
1856	10	0
1856	11	0
1856	12	0
1856	13	23
1856	14	5
1856	15	15
1856	16	123
1856	17	102
1856	18	68
1856	19	72
1856	20	14
1856	21	4
1856	22	111
1856	23	0
1856	24	11
1856	25	76
1856	26	138
1856	27	232
1856	28	157
1856	29	32
1856	30	27
1856	31	154
1856	32	30
1856	33	33
1856	34	7
1856	35	21
1856	36	38
1856	37	37
1856	38	26
1856	39	83
1856	40	10
1856	41	21
1856	42	41
1856	43	45
1856	44	37
1856	45	16
1856	46	15
1856	47	146
1856	48	6
1856	49	49
1856	50	46
1856	51	0
1856	52	4
1856	53	7
1856	54	0
1856	55	0
1856	56	44
1856	57	4
1856	58	26
1856	59	0
1856	60	0
1856	61	0
1857	1	1
1857	2	0
1857	3	43
1857	4	0
1857	5	0
1857	6	6
1857	7	0
1857	8	78
1857	9	0
1857	10	0
1857	11	14
1857	12	0
1857	13	113
1857	14	85
1857	15	171
1857	16	0
1857	17	0
1857	18	0
1857	19	22
1857	20	81
1857	21	55
1857	22	0
1857	23	0
1857	24	25
1857	25	13
1857	26	16
1857	27	55
1857	28	91
1857	29	149
1857	30	75
1857	31	113
1857	32	13
1857	33	87
1857	34	0
1857	35	20
1857	36	34
1857	37	0
1857	38	77
1857	39	123
1857	40	79
1857	41	72
1857	42	2
1857	43	6
1857	44	49
1857	45	7
1857	46	0
1857	47	54
1857	48	93
1857	49	7
1857	50	9
1857	51	48
1857	52	0
1857	53	25
1857	54	85
1857	55	22
1857	56	0
1857	57	0
1857	58	52
1857	59	0
1857	60	0
1857	61	51
1858	1	22
1858	2	39
1858	3	25
1858	4	0
1858	5	0
1858	6	0
1858	7	0
1858	8	21
1858	9	242
1858	10	4
1858	11	0
1858	12	2
1858	13	5
1858	14	0
1858	15	16
1858	16	8
1858	17	14
1858	18	7
1858	19	4
1858	20	99
1858	21	0
1858	22	183
1858	23	110
1858	24	42
1858	25	16
1858	26	78
1858	27	86
1858	28	6
1858	29	0
1858	30	0
1858	31	0
1858	32	22
1858	33	105
1858	34	54
1858	35	120
1858	36	22
1858	37	29
1858	38	60
1858	39	25
1858	40	6
1858	41	31
1858	42	87
1858	43	54
1858	44	2
1858	45	46
1858	46	9
1858	47	0
1858	48	0
1858	49	63
1858	50	0
1858	51	5
1858	52	0
1858	53	2
1858	54	2
1858	55	16
1858	56	195
1858	57	0
1858	58	0
1858	59	82
1858	60	86
1858	61	3
1859	1	0
1859	2	8
1859	3	6
1859	4	20
1859	5	0
1859	6	0
1859	7	0
1859	8	52
1859	9	64
1859	10	0
1859	11	0
1859	12	0
1859	13	0
1859	14	0
1859	15	0
1859	16	8
1859	17	45
1859	18	20
1859	19	0
1859	20	0
1859	21	16
1859	22	3
1859	23	289
1859	24	88
1859	25	39
1859	26	44
1859	27	51
1859	28	99
1859	29	0
1859	30	24
1859	31	23
1859	32	14
1859	33	29
1859	34	25
1859	35	4
1859	36	0
1859	37	93
1859	38	8
1859	39	33
1859	40	24
1859	41	24
1859	42	33
1859	43	11
1859	44	6
1859	45	11
1859	46	57
1859	47	0
1859	48	50
1859	49	2
1859	50	27
1859	51	24
1859	52	44
1859	53	0
1859	54	0
1859	55	19
1859	56	0
1859	57	43
1859	58	8
1859	59	0
1859	60	0
1859	61	0
1860	1	0
1860	2	6
1860	3	3
1860	4	0
1860	5	9
1860	6	0
1860	7	0
1860	8	0
1860	9	0
1860	10	0
1860	11	0
1860	12	52
1860	13	100
1860	14	0
1860	15	55
1860	16	318
1860	17	6
1860	18	51
1860	19	53
1860	20	3
1860	21	42
1860	22	2
1860	23	92
1860	24	68
1860	25	46
1860	26	25
1860	27	110
1860	28	73
1860	29	33
1860	30	131
1860	31	34
1860	32	25
1860	33	43
1860	34	39
1860	35	0
1860	36	0
1860	37	0
1860	38	0
1860	39	73
1860	40	3
1860	41	0
1860	42	19
1860	43	9
1860	44	34
1860	45	69
1860	46	52
1860	47	111
1860	48	18
1860	49	0
1860	50	13
1860	51	0
1860	52	44
1860	53	12
1860	54	0
1860	55	18
1860	56	13
1860	57	38
1860	58	14
1860	59	9
1860	60	4
1860	61	0
1861	1	23
1861	2	1
1861	3	0
1861	4	2
1861	5	0
1861	6	0
1861	7	5
1861	8	14
1861	9	27
1861	10	0
1861	11	8
1861	12	0
1861	13	36
1861	14	88
1861	15	0
1861	16	41
1861	17	2
1861	18	96
1861	19	0
1861	20	2
1861	21	67
1861	22	250
1861	23	44
1861	24	38
1861	25	64
1861	26	21
1861	27	18
1861	28	71
1861	29	40
1861	30	27
1861	31	149
1861	32	51
1861	33	121
1861	34	39
1861	35	37
1861	36	17
1861	37	4
1861	38	6
1861	39	54
1861	40	16
1861	41	34
1861	42	34
1861	43	108
1861	44	4
1861	45	28
1861	46	66
1861	47	44
1861	48	13
1861	49	18
1861	50	33
1861	51	80
1861	52	4
1861	53	6
1861	54	0
1861	55	11
1861	56	132
1861	57	5
1861	58	37
1861	59	175
1861	60	49
1861	61	0
1862	1	0
1862	2	0
1862	3	10
1862	4	11
1862	5	0
1862	6	0
1862	7	70
1862	8	0
1862	9	0
1862	10	0
1862	11	13
1862	12	25
1862	13	10
1862	14	2
1862	15	0
1862	16	3
1862	17	0
1862	18	119
1862	19	0
1862	20	10
1862	21	52
1862	22	9
1862	23	8
1862	24	127
1862	25	277
1862	26	83
1862	27	0
1862	28	8
1862	29	38
1862	30	80
1862	31	53
1862	32	70
1862	33	53
1862	34	180
1862	35	92
1862	36	81
1862	37	91
1862	38	193
1862	39	1
1862	40	32
1862	41	35
1862	42	12
1862	43	83
1862	44	7
1862	45	44
1862	46	0
1862	47	0
1862	48	0
1862	49	40
1862	50	64
1862	51	4
1862	52	0
1862	53	74
1862	54	7
1862	55	0
1862	56	0
1862	57	10
1862	58	0
1862	59	0
1862	60	5
1862	61	0
1863	1	0
1863	2	0
1863	3	0
1863	4	28
1863	5	56
1863	6	0
1863	7	0
1863	8	0
1863	9	38
1863	10	0
1863	11	31
1863	12	6
1863	13	3
1863	14	0
1863	15	0
1863	16	20
1863	17	0
1863	18	0
1863	19	16
1863	20	23
1863	21	63
1863	22	12
1863	23	148
1863	24	232
1863	25	51
1863	26	12
1863	27	73
1863	28	90
1863	29	91
1863	30	2
1863	31	51
1863	32	36
1863	33	52
1863	34	56
1863	35	106
1863	36	124
1863	37	81
1863	38	14
1863	39	85
1863	40	73
1863	41	64
1863	42	21
1863	43	77
1863	44	24
1863	45	8
1863	46	28
1863	47	24
1863	48	37
1863	49	36
1863	50	43
1863	51	182
1863	52	42
1863	53	0
1863	54	9
1863	55	11
1863	56	0
1863	57	0
1863	58	86
1863	59	12
1863	60	0
1863	61	1
1864	1	0
1864	2	150
1864	3	53
1864	4	0
1864	5	0
1864	6	0
1864	7	13
1864	8	4
1864	9	0
1864	10	0
1864	11	0
1864	12	0
1864	13	0
1864	14	0
1864	15	0
1864	16	8
1864	17	34
1864	18	26
1864	19	30
1864	20	22
1864	21	45
1864	22	44
1864	23	172
1864	24	7
1864	25	0
1864	26	64
1864	27	75
1864	28	9
1864	29	129
1864	30	27
1864	31	0
1864	32	176
1864	33	8
1864	34	49
1864	35	63
1864	36	86
1864	37	29
1864	38	160
1864	39	96
1864	40	22
1864	41	75
1864	42	5
1864	43	32
1864	44	47
1864	45	18
1864	46	33
1864	47	43
1864	48	19
1864	49	65
1864	50	12
1864	51	1
1864	52	10
1864	53	0
1864	54	0
1864	55	0
1864	56	3
1864	57	3
1864	58	5
1864	59	2
1864	60	9
1864	61	0
1865	1	0
1865	2	0
1865	3	0
1865	4	2
1865	5	0
1865	6	1
1865	7	5
1865	8	20
1865	9	0
1865	10	0
1865	11	44
1865	12	0
1865	13	50
1865	14	0
1865	15	2
1865	16	0
1865	17	0
1865	18	10
1865	19	6
1865	20	51
1865	21	41
1865	22	87
1865	23	53
1865	24	0
1865	25	86
1865	26	41
1865	27	0
1865	28	0
1865	29	0
1865	30	77
1865	31	16
1865	32	251
1865	33	44
1865	34	142
1865	35	69
1865	36	39
1865	37	0
1865	38	33
1865	39	33
1865	40	43
1865	41	14
1865	42	96
1865	43	29
1865	44	0
1865	45	22
1865	46	58
1865	47	9
1865	48	13
1865	49	8
1865	50	0
1865	51	0
1865	52	1
1865	53	10
1865	54	0
1865	55	0
1865	56	18
1865	57	3
1865	58	0
1865	59	12
1865	60	12
1865	61	0
1866	1	0
1866	2	2
1866	3	0
1866	4	0
1866	5	99
1866	6	0
1866	7	0
1866	8	17
1866	9	37
1866	10	0
1866	11	45
1866	12	14
1866	13	1
1866	14	0
1866	15	8
1866	16	0
1866	17	0
1866	18	22
1866	19	0
1866	20	3
1866	21	16
1866	22	91
1866	23	182
1866	24	36
1866	25	189
1866	26	22
1866	27	34
1866	28	72
1866	29	0
1866	30	100
1866	31	20
1866	32	92
1866	33	10
1866	34	70
1866	35	132
1866	36	43
1866	37	63
1866	38	88
1866	39	0
1866	40	0
1866	41	1
1866	42	13
1866	43	18
1866	44	76
1866	45	47
1866	46	20
1866	47	76
1866	48	57
1866	49	20
1866	50	109
1866	51	0
1866	52	4
1866	53	15
1866	54	0
1866	55	37
1866	56	3
1866	57	0
1866	58	10
1866	59	0
1866	60	0
1866	61	0
1867	1	0
1867	2	0
1867	3	16
1867	4	0
1867	5	9
1867	6	0
1867	7	0
1867	8	33
1867	9	9
1867	10	103
1867	11	3
1867	12	63
1867	13	0
1867	14	0
1867	15	100
1867	16	0
1867	17	0
1867	18	1
1867	19	0
1867	20	21
1867	21	0
1867	22	0
1867	23	15
1867	24	188
1867	25	0
1867	26	0
1867	27	82
1867	28	28
1867	29	7
1867	30	28
1867	31	90
1867	32	41
1867	33	51
1867	34	49
1867	35	54
1867	36	4
1867	37	56
1867	38	39
1867	39	0
1867	40	5
1867	41	20
1867	42	67
1867	43	100
1867	44	37
1867	45	90
1867	46	75
1867	47	136
1867	48	94
1867	49	5
1867	50	75
1867	51	0
1867	52	0
1867	53	0
1867	54	77
1867	55	0
1867	56	6
1867	57	0
1867	58	2
1867	59	6
1867	60	4
1867	61	21
1868	1	0
1868	2	90
1868	3	53
1868	4	0
1868	5	0
1868	6	0
1868	7	0
1868	8	0
1868	9	1
1868	10	0
1868	11	2
1868	12	0
1868	13	0
1868	14	0
1868	15	116
1868	16	5
1868	17	178
1868	18	17
1868	19	0
1868	20	0
1868	21	3
1868	22	0
1868	23	0
1868	24	70
1868	25	23
1868	26	0
1868	27	51
1868	28	140
1868	29	224
1868	30	79
1868	31	65
1868	32	70
1868	33	0
1868	34	11
1868	35	50
1868	36	0
1868	37	22
1868	38	9
1868	39	42
1868	40	49
1868	41	66
1868	42	59
1868	43	11
1868	44	31
1868	45	157
1868	46	22
1868	47	57
1868	48	18
1868	49	16
1868	50	29
1868	51	33
1868	52	4
1868	53	36
1868	54	4
1868	55	26
1868	56	0
1868	57	10
1868	58	36
1868	59	12
1868	60	0
1868	61	0
1869	1	9
1869	2	0
1869	3	2
1869	4	7
1869	5	3
1869	6	14
1869	7	27
1869	8	2
1869	9	8
1869	10	0
1869	11	0
1869	12	29
1869	13	8
1869	14	74
1869	15	81
1869	16	12
1869	17	4
1869	18	31
1869	19	34
1869	20	19
1869	21	29
1869	22	10
1869	23	39
1869	24	10
1869	25	51
1869	26	57
1869	27	98
1869	28	1
1869	29	88
1869	30	31
1869	31	2
1869	32	8
1869	33	11
1869	34	29
1869	35	26
1869	36	91
1869	37	0
1869	38	14
1869	39	30
1869	40	31
1869	41	19
1869	42	15
1869	43	0
1869	44	36
1869	45	0
1869	46	53
1869	47	81
1869	48	48
1869	49	6
1869	50	11
1869	51	7
1869	52	0
1869	53	3
1869	54	7
1869	55	158
1869	56	2
1869	57	0
1869	58	0
1869	59	2
1869	60	14
1869	61	0
1870	1	2
1870	2	0
1870	3	97
1870	4	0
1870	5	229
1870	6	0
1870	7	0
1870	8	0
1870	9	0
1870	10	0
1870	11	0
1870	12	0
1870	13	0
1870	14	0
1870	15	0
1870	16	1
1870	17	4
1870	18	30
1870	19	11
1870	20	5
1870	21	13
1870	22	10
1870	23	50
1870	24	16
1870	25	21
1870	26	18
1870	27	60
1870	28	130
1870	29	25
1870	30	197
1870	31	13
1870	32	11
1870	33	80
1870	34	18
1870	35	53
1870	36	102
1870	37	94
1870	38	118
1870	39	91
1870	40	36
1870	41	10
1870	42	134
1870	43	37
1870	44	51
1870	45	36
1870	46	14
1870	47	95
1870	48	17
1870	49	36
1870	50	145
1870	51	77
1870	52	0
1870	53	80
1870	54	0
1870	55	35
1870	56	10
1870	57	0
1870	58	0
1870	59	15
1870	60	0
1870	61	59
1871	1	32
1871	2	179
1871	3	38
1871	4	0
1871	5	25
1871	6	0
1871	7	106
1871	8	0
1871	9	0
1871	10	0
1871	11	11
1871	12	51
1871	13	8
1871	14	0
1871	15	4
1871	16	0
1871	17	30
1871	18	0
1871	19	23
1871	20	22
1871	21	71
1871	22	83
1871	23	94
1871	24	29
1871	25	19
1871	26	0
1871	27	50
1871	28	20
1871	29	92
1871	30	89
1871	31	74
1871	32	33
1871	33	13
1871	34	52
1871	35	154
1871	36	3
1871	37	113
1871	38	10
1871	39	32
1871	40	6
1871	41	59
1871	42	60
1871	43	4
1871	44	82
1871	45	18
1871	46	23
1871	47	21
1871	48	77
1871	49	0
1871	50	15
1871	51	38
1871	52	15
1871	53	74
1871	54	21
1871	55	84
1871	56	0
1871	57	54
1871	58	126
1871	59	0
1871	60	18
1871	61	0
1872	1	0
1872	2	0
1872	3	0
1872	4	17
1872	5	81
1872	6	45
1872	7	0
1872	8	69
1872	9	0
1872	10	0
1872	11	0
1872	12	7
1872	13	18
1872	14	6
1872	15	53
1872	16	8
1872	17	20
1872	18	0
1872	19	10
1872	20	18
1872	21	87
1872	22	58
1872	23	100
1872	24	103
1872	25	9
1872	26	44
1872	27	47
1872	28	11
1872	29	175
1872	30	33
1872	31	92
1872	32	27
1872	33	44
1872	34	207
1872	35	71
1872	36	71
1872	37	58
1872	38	20
1872	39	24
1872	40	32
1872	41	29
1872	42	7
1872	43	30
1872	44	3
1872	45	34
1872	46	72
1872	47	105
1872	48	42
1872	49	16
1872	50	0
1872	51	11
1872	52	0
1872	53	135
1872	54	24
1872	55	42
1872	56	17
1872	57	0
1872	58	14
1872	59	8
1872	60	9
1872	61	6
1873	1	0
1873	2	0
1873	3	0
1873	4	8
1873	5	52
1873	6	0
1873	7	3
1873	8	19
1873	9	83
1873	10	0
1873	11	0
1873	12	0
1873	13	57
1873	14	11
1873	15	0
1873	16	0
1873	17	28
1873	18	207
1873	19	78
1873	20	15
1873	21	33
1873	22	50
1873	23	7
1873	24	79
1873	25	133
1873	26	29
1873	27	54
1873	28	2
1873	29	50
1873	30	44
1873	31	188
1873	32	22
1873	33	63
1873	34	0
1873	35	18
1873	36	34
1873	37	63
1873	38	93
1873	39	62
1873	40	8
1873	41	28
1873	42	99
1873	43	64
1873	44	13
1873	45	58
1873	46	0
1873	47	22
1873	48	29
1873	49	44
1873	50	2
1873	51	49
1873	52	12
1873	53	25
1873	54	1
1873	55	26
1873	56	0
1873	57	0
1873	58	8
1873	59	21
1873	60	12
1873	61	0
1874	1	0
1874	2	36
1874	3	0
1874	4	0
1874	5	0
1874	6	0
1874	7	2
1874	8	2
1874	9	0
1874	10	0
1874	11	0
1874	12	0
1874	13	37
1874	14	41
1874	15	16
1874	16	26
1874	17	0
1874	18	50
1874	19	28
1874	20	0
1874	21	58
1874	22	188
1874	23	51
1874	24	134
1874	25	0
1874	26	2
1874	27	59
1874	28	25
1874	29	77
1874	30	16
1874	31	38
1874	32	45
1874	33	43
1874	34	1
1874	35	39
1874	36	103
1874	37	29
1874	38	7
1874	39	49
1874	40	142
1874	41	10
1874	42	25
1874	43	86
1874	44	34
1874	45	38
1874	46	24
1874	47	0
1874	48	0
1874	49	14
1874	50	79
1874	51	0
1874	52	0
1874	53	14
1874	54	15
1874	55	0
1874	56	0
1874	57	0
1874	58	7
1874	59	8
1874	60	25
1874	61	0
1875	1	22
1875	2	9
1875	3	0
1875	4	14
1875	5	0
1875	6	86
1875	7	0
1875	8	16
1875	9	138
1875	10	0
1875	11	5
1875	12	1
1875	13	3
1875	14	2
1875	15	5
1875	16	3
1875	17	89
1875	18	0
1875	19	28
1875	20	115
1875	21	347
1875	22	305
1875	23	99
1875	24	2
1875	25	3
1875	26	75
1875	27	158
1875	28	117
1875	29	55
1875	30	27
1875	31	0
1875	32	28
1875	33	34
1875	34	62
1875	35	7
1875	36	39
1875	37	70
1875	38	69
1875	39	2
1875	40	28
1875	41	184
1875	42	8
1875	43	18
1875	44	32
1875	45	15
1875	46	0
1875	47	71
1875	48	35
1875	49	91
1875	50	1
1875	51	49
1875	52	16
1875	53	21
1875	54	0
1875	55	23
1875	56	10
1875	57	59
1875	58	35
1875	59	30
1875	60	19
1875	61	140
1876	1	0
1876	2	0
1876	3	4
1876	4	10
1876	5	0
1876	6	5
1876	7	46
1876	8	0
1876	9	0
1876	10	0
1876	11	0
1876	12	10
1876	13	14
1876	14	0
1876	15	21
1876	16	54
1876	17	116
1876	18	6
1876	19	1
1876	20	3
1876	21	19
1876	22	35
1876	23	8
1876	24	0
1876	25	1
1876	26	78
1876	27	16
1876	28	39
1876	29	40
1876	30	6
1876	31	4
1876	32	42
1876	33	129
1876	34	2
1876	35	60
1876	36	6
1876	37	102
1876	38	0
1876	39	10
1876	40	41
1876	41	8
1876	42	0
1876	43	7
1876	44	79
1876	45	17
1876	46	9
1876	47	7
1876	48	38
1876	49	27
1876	50	66
1876	51	3
1876	52	2
1876	53	0
1876	54	57
1876	55	47
1876	56	0
1876	57	0
1876	58	0
1876	59	0
1876	60	1
1876	61	48
1877	1	0
1877	2	12
1877	3	8
1877	4	3
1877	5	0
1877	6	0
1877	7	0
1877	8	214
1877	9	24
1877	10	0
1877	11	0
1877	12	0
1877	13	6
1877	14	366
1877	15	77
1877	16	4
1877	17	2
1877	18	18
1877	19	96
1877	20	45
1877	21	39
1877	22	25
1877	23	96
1877	24	179
1877	25	113
1877	26	0
1877	27	34
1877	28	76
1877	29	5
1877	30	57
1877	31	33
1877	32	24
1877	33	0
1877	34	26
1877	35	20
1877	36	10
1877	37	15
1877	38	5
1877	39	30
1877	40	76
1877	41	73
1877	42	6
1877	43	28
1877	44	163
1877	45	146
1877	46	16
1877	47	8
1877	48	4
1877	49	161
1877	50	4
1877	51	60
1877	52	33
1877	53	0
1877	54	1
1877	55	2
1877	56	7
1877	57	13
1877	58	1
1877	59	10
1877	60	18
1877	61	1
1878	1	0
1878	2	0
1878	3	0
1878	4	0
1878	5	0
1878	6	5
1878	7	10
1878	8	36
1878	9	11
1878	10	13
1878	11	367
1878	12	0
1878	13	44
1878	14	0
1878	15	48
1878	16	6
1878	17	0
1878	18	20
1878	19	211
1878	20	50
1878	21	57
1878	22	11
1878	23	9
1878	24	20
1878	25	21
1878	26	73
1878	27	203
1878	28	115
1878	29	45
1878	30	14
1878	31	5
1878	32	55
1878	33	30
1878	34	132
1878	35	33
1878	36	11
1878	37	7
1878	38	28
1878	39	28
1878	40	31
1878	41	5
1878	42	30
1878	43	54
1878	44	7
1878	45	80
1878	46	7
1878	47	10
1878	48	78
1878	49	0
1878	50	24
1878	51	15
1878	52	125
1878	53	0
1878	54	0
1878	55	8
1878	56	0
1878	57	4
1878	58	0
1878	59	0
1878	60	14
1878	61	0
1879	1	10
1879	2	0
1879	3	0
1879	4	0
1879	5	0
1879	6	2
1879	7	3
1879	8	0
1879	9	13
1879	10	0
1879	11	32
1879	12	0
1879	13	122
1879	14	0
1879	15	0
1879	16	1
1879	17	0
1879	18	1
1879	19	0
1879	20	117
1879	21	14
1879	22	20
1879	23	9
1879	24	80
1879	25	238
1879	26	7
1879	27	43
1879	28	27
1879	29	0
1879	30	57
1879	31	93
1879	32	182
1879	33	29
1879	34	0
1879	35	9
1879	36	36
1879	37	30
1879	38	92
1879	39	43
1879	40	5
1879	41	27
1879	42	67
1879	43	51
1879	44	0
1879	45	73
1879	46	3
1879	47	59
1879	48	41
1879	49	30
1879	50	2
1879	51	18
1879	52	6
1879	53	116
1879	54	30
1879	55	12
1879	56	11
1879	57	28
1879	58	20
1879	59	0
1879	60	50
1879	61	111
1880	1	76
1880	2	0
1880	3	0
1880	4	0
1880	5	0
1880	6	0
1880	7	0
1880	8	0
1880	9	0
1880	10	64
1880	11	4
1880	12	52
1880	13	0
1880	14	191
1880	15	0
1880	16	18
1880	17	2
1880	18	81
1880	19	154
1880	20	82
1880	21	27
1880	22	29
1880	23	1
1880	24	32
1880	25	69
1880	26	34
1880	27	62
1880	28	52
1880	29	69
1880	30	51
1880	31	48
1880	32	52
1880	33	23
1880	34	41
1880	35	97
1880	36	40
1880	37	115
1880	38	73
1880	39	10
1880	40	38
1880	41	17
1880	42	81
1880	43	64
1880	44	29
1880	45	35
1880	46	8
1880	47	78
1880	48	0
1880	49	57
1880	50	67
1880	51	1
1880	52	1
1880	53	19
1880	54	55
1880	55	6
1880	56	0
1880	57	30
1880	58	0
1880	59	12
1880	60	0
1880	61	0
1881	1	0
1881	2	257
1881	3	0
1881	4	4
1881	5	10
1881	6	4
1881	7	0
1881	8	2
1881	9	5
1881	10	4
1881	11	0
1881	12	0
1881	13	4
1881	14	11
1881	15	10
1881	16	4
1881	17	1
1881	18	40
1881	19	0
1881	20	80
1881	21	3
1881	22	98
1881	23	8
1881	24	17
1881	25	45
1881	26	128
1881	27	82
1881	28	91
1881	29	78
1881	30	16
1881	31	89
1881	32	23
1881	33	87
1881	34	54
1881	35	4
1881	36	28
1881	37	4
1881	38	52
1881	39	46
1881	40	14
1881	41	24
1881	42	72
1881	43	0
1881	44	44
1881	45	41
1881	46	16
1881	47	7
1881	48	95
1881	49	12
1881	50	1
1881	51	1
1881	52	4
1881	53	4
1881	54	30
1881	55	18
1881	56	2
1881	57	0
1881	58	3
1881	59	15
1881	60	8
1881	61	5
1882	1	0
1882	2	9
1882	3	0
1882	4	6
1882	5	9
1882	6	0
1882	7	0
1882	8	0
1882	9	0
1882	10	0
1882	11	7
1882	12	0
1882	13	17
1882	14	0
1882	15	26
1882	16	0
1882	17	3
1882	18	14
1882	19	89
1882	20	65
1882	21	49
1882	22	20
1882	23	26
1882	24	47
1882	25	42
1882	26	75
1882	27	1
1882	28	30
1882	29	31
1882	30	58
1882	31	45
1882	32	70
1882	33	73
1882	34	0
1882	35	34
1882	36	104
1882	37	26
1882	38	72
1882	39	10
1882	40	121
1882	41	38
1882	42	29
1882	43	19
1882	44	4
1882	45	4
1882	46	50
1882	47	47
1882	48	0
1882	49	18
1882	50	55
1882	51	7
1882	52	0
1882	53	28
1882	54	1
1882	55	37
1882	56	24
1882	57	8
1882	58	0
1882	59	0
1882	60	0
1882	61	30
1883	1	14
1883	2	2
1883	3	7
1883	4	2
1883	5	0
1883	6	0
1883	7	18
1883	8	0
1883	9	6
1883	10	17
1883	11	0
1883	12	11
1883	13	0
1883	14	38
1883	15	38
1883	16	217
1883	17	33
1883	18	0
1883	19	3
1883	20	1
1883	21	130
1883	22	53
1883	23	107
1883	24	107
1883	25	216
1883	26	96
1883	27	7
1883	28	73
1883	29	130
1883	30	7
1883	31	51
1883	32	172
1883	33	21
1883	34	0
1883	35	176
1883	36	0
1883	37	34
1883	38	117
1883	39	118
1883	40	1
1883	41	96
1883	42	27
1883	43	57
1883	44	14
1883	45	27
1883	46	0
1883	47	76
1883	48	2
1883	49	34
1883	50	29
1883	51	39
1883	52	2
1883	53	59
1883	54	4
1883	55	116
1883	56	1
1883	57	11
1883	58	53
1883	59	3
1883	60	23
1883	61	0
1884	1	3
1884	2	0
1884	3	11
1884	4	84
1884	5	73
1884	6	0
1884	7	0
1884	8	1
1884	9	11
1884	10	0
1884	11	0
1884	12	6
1884	13	0
1884	14	0
1884	15	169
1884	16	3
1884	17	0
1884	18	16
1884	19	16
1884	20	99
1884	21	0
1884	22	52
1884	23	99
1884	24	72
1884	25	15
1884	26	16
1884	27	88
1884	28	123
1884	29	46
1884	30	186
1884	31	13
1884	32	6
1884	33	0
1884	34	33
1884	35	0
1884	36	0
1884	37	39
1884	38	24
1884	39	11
1884	40	35
1884	41	15
1884	42	7
1884	43	43
1884	44	27
1884	45	160
1884	46	12
1884	47	24
1884	48	65
1884	49	10
1884	50	32
1884	51	0
1884	52	3
1884	53	0
1884	54	20
1884	55	11
1884	56	6
1884	57	16
1884	58	20
1884	59	56
1884	60	0
1884	61	1
1885	1	5
1885	2	0
1885	3	19
1885	4	0
1885	5	0
1885	6	0
1885	7	3
1885	8	16
1885	9	7
1885	10	64
1885	11	3
1885	12	3
1885	13	1
1885	14	1
1885	15	26
1885	16	54
1885	17	9
1885	18	28
1885	19	0
1885	20	6
1885	21	24
1885	22	5
1885	23	44
1885	24	49
1885	25	91
1885	26	24
1885	27	24
1885	28	181
1885	29	28
1885	30	72
1885	31	107
1885	32	81
1885	33	14
1885	34	5
1885	35	37
1885	36	7
1885	37	37
1885	38	124
1885	39	16
1885	40	10
1885	41	40
1885	42	0
1885	43	40
1885	44	18
1885	45	85
1885	46	29
1885	47	0
1885	48	53
1885	49	3
1885	50	21
1885	51	26
1885	52	0
1885	53	3
1885	54	0
1885	55	0
1885	56	0
1885	57	0
1885	58	0
1885	59	1
1885	60	45
1885	61	0
1886	1	36
1886	2	11
1886	3	8
1886	4	8
1886	5	2
1886	6	22
1886	7	18
1886	8	0
1886	9	0
1886	10	7
1886	11	0
1886	12	0
1886	13	0
1886	14	0
1886	15	0
1886	16	9
1886	17	0
1886	18	1
1886	19	127
1886	20	5
1886	21	5
1886	22	36
1886	23	13
1886	24	48
1886	25	7
1886	26	6
1886	27	16
1886	28	13
1886	29	4
1886	30	3
1886	31	47
1886	32	84
1886	33	12
1886	34	62
1886	35	64
1886	36	25
1886	37	41
1886	38	90
1886	39	111
1886	40	13
1886	41	35
1886	42	25
1886	43	13
1886	44	28
1886	45	1
1886	46	46
1886	47	17
1886	48	3
1886	49	34
1886	50	115
1886	51	1
1886	52	30
1886	53	4
1886	54	0
1886	55	55
1886	56	19
1886	57	9
1886	58	28
1886	59	25
1886	60	0
1886	61	0
1887	1	0
1887	2	0
1887	3	69
1887	4	0
1887	5	0
1887	6	3
1887	7	41
1887	8	6
1887	9	0
1887	10	0
1887	11	17
1887	12	2
1887	13	1
1887	14	1
1887	15	11
1887	16	32
1887	17	143
1887	18	0
1887	19	0
1887	20	33
1887	21	105
1887	22	152
1887	23	82
1887	24	31
1887	25	14
1887	26	176
1887	27	62
1887	28	64
1887	29	213
1887	30	85
1887	31	76
1887	32	28
1887	33	2
1887	34	37
1887	35	35
1887	36	134
1887	37	22
1887	38	17
1887	39	9
1887	40	38
1887	41	70
1887	42	89
1887	43	16
1887	44	7
1887	45	93
1887	46	122
1887	47	13
1887	48	8
1887	49	23
1887	50	95
1887	51	12
1887	52	49
1887	53	0
1887	54	0
1887	55	10
1887	56	69
1887	57	0
1887	58	122
1887	59	0
1887	60	30
1887	61	0
1888	1	0
1888	2	1
1888	3	11
1888	4	21
1888	5	4
1888	6	0
1888	7	0
1888	8	0
1888	9	0
1888	10	7
1888	11	2
1888	12	6
1888	13	10
1888	14	0
1888	15	4
1888	16	0
1888	17	8
1888	18	0
1888	19	1
1888	20	0
1888	21	80
1888	22	26
1888	23	54
1888	24	2
1888	25	33
1888	26	55
1888	27	42
1888	28	20
1888	29	184
1888	30	1
1888	31	14
1888	32	50
1888	33	171
1888	34	114
1888	35	32
1888	36	78
1888	37	0
1888	38	54
1888	39	95
1888	40	7
1888	41	76
1888	42	2
1888	43	0
1888	44	4
1888	45	29
1888	46	38
1888	47	28
1888	48	0
1888	49	0
1888	50	0
1888	51	0
1888	52	12
1888	53	53
1888	54	0
1888	55	0
1888	56	0
1888	57	0
1888	58	1
1888	59	13
1888	60	1
1888	61	13
1889	1	273
1889	2	0
1889	3	0
1889	4	16
1889	5	10
1889	6	23
1889	7	0
1889	8	0
1889	9	0
1889	10	0
1889	11	49
1889	12	1
1889	13	7
1889	14	4
1889	15	0
1889	16	251
1889	17	41
1889	18	285
1889	19	1
1889	20	0
1889	21	12
1889	22	18
1889	23	40
1889	24	245
1889	25	5
1889	26	130
1889	27	116
1889	28	197
1889	29	82
1889	30	38
1889	31	21
1889	32	52
1889	33	7
1889	34	0
1889	35	31
1889	36	22
1889	37	159
1889	38	44
1889	39	53
1889	40	0
1889	41	104
1889	42	11
1889	43	54
1889	44	11
1889	45	41
1889	46	48
1889	47	99
1889	48	5
1889	49	116
1889	50	123
1889	51	1
1889	52	65
1889	53	8
1889	54	136
1889	55	1
1889	56	0
1889	57	31
1889	58	0
1889	59	0
1889	60	0
1889	61	0
1890	1	0
1890	2	1
1890	3	1
1890	4	13
1890	5	48
1890	6	189
1890	7	4
1890	8	0
1890	9	0
1890	10	0
1890	11	55
1890	12	0
1890	13	1
1890	14	0
1890	15	2
1890	16	0
1890	17	70
1890	18	0
1890	19	0
1890	20	30
1890	21	0
1890	22	0
1890	23	52
1890	24	91
1890	25	21
1890	26	1
1890	27	151
1890	28	157
1890	29	81
1890	30	6
1890	31	82
1890	32	195
1890	33	143
1890	34	49
1890	35	35
1890	36	97
1890	37	112
1890	38	80
1890	39	4
1890	40	98
1890	41	41
1890	42	14
1890	43	66
1890	44	7
1890	45	23
1890	46	65
1890	47	21
1890	48	46
1890	49	51
1890	50	52
1890	51	84
1890	52	33
1890	53	59
1890	54	38
1890	55	89
1890	56	0
1890	57	1
1890	58	0
1890	59	0
1890	60	12
1890	61	7
1891	1	48
1891	2	0
1891	3	0
1891	4	1
1891	5	6
1891	6	0
1891	7	0
1891	8	0
1891	9	8
1891	10	0
1891	11	0
1891	12	22
1891	13	0
1891	14	0
1891	15	34
1891	16	25
1891	17	18
1891	18	35
1891	19	8
1891	20	0
1891	21	0
1891	22	4
1891	23	15
1891	24	0
1891	25	0
1891	26	0
1891	27	16
1891	28	63
1891	29	8
1891	30	34
1891	31	62
1891	32	148
1891	33	34
1891	34	25
1891	35	35
1891	36	7
1891	37	0
1891	38	17
1891	39	20
1891	40	112
1891	41	12
1891	42	13
1891	43	30
1891	44	17
1891	45	5
1891	46	146
1891	47	5
1891	48	19
1891	49	25
1891	50	0
1891	51	77
1891	52	9
1891	53	1
1891	54	53
1891	55	2
1891	56	0
1891	57	0
1891	58	150
1891	59	32
1891	60	0
1891	61	0
1892	1	0
1892	2	9
1892	3	0
1892	4	153
1892	5	0
1892	6	0
1892	7	0
1892	8	0
1892	9	21
1892	10	1
1892	11	0
1892	12	0
1892	13	0
1892	14	15
1892	15	61
1892	16	4
1892	17	35
1892	18	0
1892	19	59
1892	20	62
1892	21	32
1892	22	8
1892	23	33
1892	24	30
1892	25	106
1892	26	38
1892	27	39
1892	28	74
1892	29	99
1892	30	17
1892	31	0
1892	32	153
1892	33	49
1892	34	15
1892	35	2
1892	36	44
1892	37	85
1892	38	38
1892	39	37
1892	40	51
1892	41	50
1892	42	78
1892	43	0
1892	44	54
1892	45	77
1892	46	53
1892	47	15
1892	48	34
1892	49	124
1892	50	83
1892	51	44
1892	52	0
1892	53	1
1892	54	22
1892	55	22
1892	56	10
1892	57	2
1892	58	91
1892	59	14
1892	60	0
1892	61	9
1893	1	0
1893	2	2
1893	3	0
1893	4	1
1893	5	0
1893	6	0
1893	7	0
1893	8	0
1893	9	0
1893	10	0
1893	11	0
1893	12	0
1893	13	0
1893	14	0
1893	15	54
1893	16	53
1893	17	57
1893	18	49
1893	19	39
1893	20	7
1893	21	62
1893	22	46
1893	23	9
1893	24	10
1893	25	192
1893	26	44
1893	27	4
1893	28	203
1893	29	104
1893	30	54
1893	31	24
1893	32	9
1893	33	88
1893	34	70
1893	35	24
1893	36	66
1893	37	59
1893	38	13
1893	39	0
1893	40	28
1893	41	121
1893	42	86
1893	43	56
1893	44	1
1893	45	170
1893	46	15
1893	47	21
1893	48	70
1893	49	25
1893	50	5
1893	51	0
1893	52	19
1893	53	110
1893	54	19
1893	55	0
1893	56	0
1893	57	0
1893	58	0
1893	59	10
1893	60	23
1893	61	30
1894	1	0
1894	2	8
1894	3	60
1894	4	0
1894	5	0
1894	6	0
1894	7	0
1894	8	0
1894	9	0
1894	10	1
1894	11	0
1894	12	0
1894	13	26
1894	14	107
1894	15	25
1894	16	0
1894	17	0
1894	18	2
1894	19	215
1894	20	45
1894	21	16
1894	22	0
1894	23	61
1894	24	20
1894	25	30
1894	26	205
1894	27	15
1894	28	5
1894	29	14
1894	30	23
1894	31	18
1894	32	15
1894	33	207
1894	34	83
1894	35	0
1894	36	32
1894	37	33
1894	38	32
1894	39	53
1894	40	77
1894	41	93
1894	42	47
1894	43	21
1894	44	2
1894	45	31
1894	46	1
1894	47	49
1894	48	111
1894	49	56
1894	50	79
1894	51	0
1894	52	21
1894	53	2
1894	54	0
1894	55	0
1894	56	0
1894	57	0
1894	58	6
1894	59	2
1894	60	120
1894	61	9
1895	1	122
1895	2	0
1895	3	0
1895	4	0
1895	5	0
1895	6	0
1895	7	0
1895	8	0
1895	9	2
1895	10	0
1895	11	2
1895	12	6
1895	13	171
1895	14	0
1895	15	0
1895	16	55
1895	17	2
1895	18	47
1895	19	233
1895	20	75
1895	21	11
1895	22	0
1895	23	35
1895	24	7
1895	25	15
1895	26	54
1895	27	61
1895	28	0
1895	29	71
1895	30	113
1895	31	25
1895	32	86
1895	33	131
1895	34	142
1895	35	49
1895	36	83
1895	37	21
1895	38	14
1895	39	64
1895	40	83
1895	41	6
1895	42	49
1895	43	13
1895	44	68
1895	45	6
1895	46	13
1895	47	5
1895	48	23
1895	49	0
1895	50	0
1895	51	0
1895	52	1
1895	53	0
1895	54	0
1895	55	0
1895	56	94
1895	57	8
1895	58	23
1895	59	33
1895	60	5
1895	61	1
1896	1	0
1896	2	0
1896	3	104
1896	4	49
1896	5	0
1896	6	0
1896	7	10
1896	8	0
1896	9	22
1896	10	0
1896	11	0
1896	12	0
1896	13	39
1896	14	0
1896	15	5
1896	16	62
1896	17	191
1896	18	5
1896	19	29
1896	20	12
1896	21	46
1896	22	22
1896	23	40
1896	24	38
1896	25	0
1896	26	114
1896	27	0
1896	28	19
1896	29	95
1896	30	85
1896	31	2
1896	32	93
1896	33	13
1896	34	16
1896	35	5
1896	36	28
1896	37	0
1896	38	27
1896	39	2
1896	40	5
1896	41	61
1896	42	9
1896	43	14
1896	44	20
1896	45	2
1896	46	0
1896	47	5
1896	48	6
1896	49	22
1896	50	0
1896	51	1
1896	52	0
1896	53	0
1896	54	4
1896	55	0
1896	56	48
1896	57	0
1896	58	1
1896	59	0
1896	60	0
1896	61	146
1897	1	1
1897	2	64
1897	3	1
1897	4	0
1897	5	0
1897	6	8
1897	7	0
1897	8	81
1897	9	36
1897	10	54
1897	11	18
1897	12	25
1897	13	8
1897	14	1
1897	15	5
1897	16	0
1897	17	4
1897	18	29
1897	19	2
1897	20	57
1897	21	12
1897	22	1
1897	23	23
1897	24	95
1897	25	78
1897	26	0
1897	27	11
1897	28	45
1897	29	70
1897	30	33
1897	31	0
1897	32	111
1897	33	18
1897	34	34
1897	35	5
1897	36	45
1897	37	32
1897	38	69
1897	39	35
1897	40	57
1897	41	129
1897	42	55
1897	43	0
1897	44	15
1897	45	9
1897	46	87
1897	47	5
1897	48	12
1897	49	14
1897	50	11
1897	51	20
1897	52	7
1897	53	1
1897	54	4
1897	55	1
1897	56	1
1897	57	3
1897	58	0
1897	59	0
1897	60	0
1897	61	0
1898	1	9
1898	2	0
1898	3	0
1898	4	0
1898	5	0
1898	6	0
1898	7	17
1898	8	0
1898	9	0
1898	10	40
1898	11	1
1898	12	0
1898	13	2
1898	14	0
1898	15	0
1898	16	159
1898	17	3
1898	18	121
1898	19	48
1898	20	10
1898	21	23
1898	22	0
1898	23	317
1898	24	38
1898	25	0
1898	26	69
1898	27	99
1898	28	143
1898	29	18
1898	30	22
1898	31	9
1898	32	15
1898	33	76
1898	34	68
1898	35	51
1898	36	86
1898	37	28
1898	38	8
1898	39	1
1898	40	27
1898	41	137
1898	42	11
1898	43	6
1898	44	21
1898	45	14
1898	46	0
1898	47	56
1898	48	3
1898	49	12
1898	50	19
1898	51	116
1898	52	0
1898	53	4
1898	54	1
1898	55	81
1898	56	33
1898	57	38
1898	58	0
1898	59	0
1898	60	15
1898	61	0
1899	1	6
1899	2	7
1899	3	17
1899	4	57
1899	5	10
1899	6	3
1899	7	0
1899	8	0
1899	9	3
1899	10	148
1899	11	0
1899	12	0
1899	13	4
1899	14	69
1899	15	54
1899	16	84
1899	17	3
1899	18	0
1899	19	17
1899	20	103
1899	21	71
1899	22	0
1899	23	69
1899	24	96
1899	25	0
1899	26	25
1899	27	161
1899	28	30
1899	29	29
1899	30	45
1899	31	32
1899	32	1
1899	33	11
1899	34	1
1899	35	0
1899	36	97
1899	37	54
1899	38	0
1899	39	5
1899	40	0
1899	41	7
1899	42	33
1899	43	56
1899	44	52
1899	45	12
1899	46	46
1899	47	33
1899	48	24
1899	49	26
1899	50	28
1899	51	3
1899	52	125
1899	53	1
1899	54	34
1899	55	33
1899	56	0
1899	57	1
1899	58	7
1899	59	0
1899	60	24
1899	61	27
1900	1	0
1900	2	3
1900	3	0
1900	4	23
1900	5	32
1900	6	9
1900	7	0
1900	8	0
1900	9	0
1900	10	53
1900	11	36
1900	12	1
1900	13	127
1900	14	65
1900	15	1
1900	16	153
1900	17	19
1900	18	132
1900	19	43
1900	20	29
1900	21	0
1900	22	18
1900	23	131
1900	24	22
1900	25	70
1900	26	13
1900	27	0
1900	28	110
1900	29	76
1900	30	156
1900	31	6
1900	32	50
1900	33	33
1900	34	1
1900	35	44
1900	36	70
1900	37	62
1900	38	163
1900	39	46
1900	40	49
1900	41	53
1900	42	8
1900	43	53
1900	44	34
1900	45	20
1900	46	1
1900	47	12
1900	48	2
1900	49	0
1900	50	36
1900	51	14
1900	52	0
1900	53	17
1900	54	40
1900	55	0
1900	56	0
1900	57	30
1900	58	1
1900	59	0
1900	60	0
1900	61	8
1901	1	15
1901	2	55
1901	3	3
1901	4	0
1901	5	33
1901	6	0
1901	7	2
1901	8	2
1901	9	0
1901	10	0
1901	11	34
1901	12	7
1901	13	0
1901	14	16
1901	15	14
1901	16	141
1901	17	0
1901	18	4
1901	19	49
1901	20	0
1901	21	0
1901	22	12
1901	23	0
1901	24	1
1901	25	92
1901	26	130
1901	27	144
1901	28	118
1901	29	112
1901	30	0
1901	31	12
1901	32	28
1901	33	40
1901	34	15
1901	35	107
1901	36	5
1901	37	54
1901	38	0
1901	39	5
1901	40	55
1901	41	25
1901	42	21
1901	43	0
1901	44	67
1901	45	28
1901	46	11
1901	47	0
1901	48	71
1901	49	8
1901	50	48
1901	51	32
1901	52	0
1901	53	52
1901	54	12
1901	55	3
1901	56	21
1901	57	0
1901	58	0
1901	59	0
1901	60	56
1901	61	41
1902	1	47
1902	2	7
1902	3	1
1902	4	5
1902	5	11
1902	6	7
1902	7	0
1902	8	3
1902	9	0
1902	10	25
1902	11	0
1902	12	0
1902	13	0
1902	14	15
1902	15	85
1902	16	0
1902	17	13
1902	18	0
1902	19	0
1902	20	24
1902	21	7
1902	22	81
1902	23	6
1902	24	0
1902	25	12
1902	26	42
1902	27	139
1902	28	75
1902	29	133
1902	30	0
1902	31	0
1902	32	30
1902	33	12
1902	34	20
1902	35	52
1902	36	55
1902	37	21
1902	38	1
1902	39	0
1902	40	58
1902	41	23
1902	42	4
1902	43	79
1902	44	49
1902	45	12
1902	46	26
1902	47	11
1902	48	82
1902	49	7
1902	50	20
1902	51	32
1902	52	9
1902	53	39
1902	54	7
1902	55	0
1902	56	0
1902	57	49
1902	58	26
1902	59	179
1902	60	2
1902	61	0
1903	1	28
1903	2	0
1903	3	0
1903	4	59
1903	5	0
1903	6	1
1903	7	0
1903	8	99
1903	9	0
1903	10	0
1903	11	62
1903	12	143
1903	13	8
1903	14	6
1903	15	0
1903	16	98
1903	17	21
1903	18	20
1903	19	6
1903	20	132
1903	21	8
1903	22	56
1903	23	0
1903	24	98
1903	25	8
1903	26	59
1903	27	178
1903	28	78
1903	29	52
1903	30	20
1903	31	74
1903	32	50
1903	33	41
1903	34	46
1903	35	95
1903	36	45
1903	37	3
1903	38	35
1903	39	42
1903	40	3
1903	41	164
1903	42	50
1903	43	17
1903	44	108
1903	45	48
1903	46	46
1903	47	0
1903	48	35
1903	49	29
1903	50	3
1903	51	62
1903	52	0
1903	53	11
1903	54	10
1903	55	46
1903	56	127
1903	57	0
1903	58	76
1903	59	2
1903	60	0
1903	61	39
1904	1	148
1904	2	0
1904	3	0
1904	4	84
1904	5	22
1904	6	0
1904	7	2
1904	8	1
1904	9	6
1904	10	18
1904	11	0
1904	12	0
1904	13	26
1904	14	14
1904	15	0
1904	16	0
1904	17	0
1904	18	0
1904	19	194
1904	20	7
1904	21	1
1904	22	98
1904	23	58
1904	24	57
1904	25	0
1904	26	86
1904	27	18
1904	28	47
1904	29	131
1904	30	81
1904	31	161
1904	32	7
1904	33	111
1904	34	8
1904	35	101
1904	36	0
1904	37	16
1904	38	37
1904	39	21
1904	40	66
1904	41	58
1904	42	21
1904	43	20
1904	44	18
1904	45	11
1904	46	0
1904	47	46
1904	48	27
1904	49	118
1904	50	20
1904	51	0
1904	52	51
1904	53	0
1904	54	10
1904	55	3
1904	56	1
1904	57	0
1904	58	0
1904	59	0
1904	60	0
1904	61	0
1905	1	93
1905	2	1
1905	3	2
1905	4	0
1905	5	55
1905	6	1
1905	7	0
1905	8	1
1905	9	16
1905	10	8
1905	11	2
1905	12	0
1905	13	0
1905	14	12
1905	15	0
1905	16	76
1905	17	115
1905	18	0
1905	19	171
1905	20	4
1905	21	0
1905	22	58
1905	23	0
1905	24	22
1905	25	238
1905	26	72
1905	27	89
1905	28	118
1905	29	32
1905	30	88
1905	31	40
1905	32	142
1905	33	43
1905	34	71
1905	35	41
1905	36	20
1905	37	10
1905	38	24
1905	39	8
1905	40	34
1905	41	65
1905	42	17
1905	43	100
1905	44	6
1905	45	21
1905	46	8
1905	47	11
1905	48	13
1905	49	81
1905	50	84
1905	51	95
1905	52	0
1905	53	15
1905	54	0
1905	55	0
1905	56	3
1905	57	1
1905	58	1
1905	59	0
1905	60	0
1905	61	0
1906	1	0
1906	2	0
1906	3	0
1906	4	0
1906	5	0
1906	6	0
1906	7	0
1906	8	0
1906	9	7
1906	10	23
1906	11	0
1906	12	4
1906	13	0
1906	14	163
1906	15	51
1906	16	16
1906	17	0
1906	18	2
1906	19	18
1906	20	53
1906	21	9
1906	22	74
1906	23	78
1906	24	0
1906	25	49
1906	26	157
1906	27	78
1906	28	79
1906	29	88
1906	30	103
1906	31	25
1906	32	2
1906	33	53
1906	34	130
1906	35	52
1906	36	76
1906	37	107
1906	38	4
1906	39	71
1906	40	158
1906	41	73
1906	42	45
1906	43	57
1906	44	21
1906	45	134
1906	46	51
1906	47	75
1906	48	34
1906	49	0
1906	50	8
1906	51	23
1906	52	2
1906	53	11
1906	54	198
1906	55	28
1906	56	7
1906	57	5
1906	58	2
1906	59	146
1906	60	1
1906	61	0
1907	1	2
1907	2	0
1907	3	0
1907	4	0
1907	5	7
1907	6	0
1907	7	15
1907	8	3
1907	9	0
1907	10	0
1907	11	60
1907	12	0
1907	13	17
1907	14	4
1907	15	0
1907	16	99
1907	17	19
1907	18	10
1907	19	74
1907	20	23
1907	21	0
1907	22	13
1907	23	0
1907	24	212
1907	25	15
1907	26	130
1907	27	52
1907	28	43
1907	29	9
1907	30	0
1907	31	47
1907	32	98
1907	33	4
1907	34	57
1907	35	71
1907	36	38
1907	37	60
1907	38	58
1907	39	22
1907	40	6
1907	41	3
1907	42	18
1907	43	11
1907	44	3
1907	45	70
1907	46	30
1907	47	65
1907	48	21
1907	49	8
1907	50	0
1907	51	53
1907	52	92
1907	53	0
1907	54	7
1907	55	49
1907	56	5
1907	57	3
1907	58	0
1907	59	3
1907	60	0
1907	61	69
1908	1	0
1908	2	0
1908	3	0
1908	4	0
1908	5	0
1908	6	35
1908	7	41
1908	8	3
1908	9	0
1908	10	1
1908	11	119
1908	12	86
1908	13	38
1908	14	0
1908	15	25
1908	16	10
1908	17	0
1908	18	49
1908	19	9
1908	20	0
1908	21	69
1908	22	92
1908	23	173
1908	24	17
1908	25	35
1908	26	1
1908	27	157
1908	28	106
1908	29	228
1908	30	41
1908	31	26
1908	32	63
1908	33	8
1908	34	26
1908	35	5
1908	36	8
1908	37	7
1908	38	5
1908	39	56
1908	40	127
1908	41	98
1908	42	50
1908	43	36
1908	44	58
1908	45	46
1908	46	35
1908	47	26
1908	48	2
1908	49	325
1908	50	7
1908	51	0
1908	52	10
1908	53	0
1908	54	15
1908	55	8
1908	56	2
1908	57	0
1908	58	1
1908	59	0
1908	60	71
1908	61	0
1909	1	61
1909	2	0
1909	3	0
1909	4	13
1909	5	0
1909	6	0
1909	7	0
1909	8	0
1909	9	0
1909	10	22
1909	11	48
1909	12	10
1909	13	0
1909	14	7
1909	15	1
1909	16	19
1909	17	2
1909	18	4
1909	19	87
1909	20	214
1909	21	47
1909	22	63
1909	23	182
1909	24	0
1909	25	0
1909	26	119
1909	27	0
1909	28	84
1909	29	73
1909	30	58
1909	31	2
1909	32	39
1909	33	56
1909	34	59
1909	35	154
1909	36	84
1909	37	120
1909	38	29
1909	39	223
1909	40	131
1909	41	44
1909	42	53
1909	43	39
1909	44	11
1909	45	39
1909	46	171
1909	47	0
1909	48	31
1909	49	29
1909	50	10
1909	51	21
1909	52	0
1909	53	162
1909	54	71
1909	55	25
1909	56	25
1909	57	2
1909	58	0
1909	59	1
1909	60	24
1909	61	0
1910	1	0
1910	2	0
1910	3	0
1910	4	2
1910	5	0
1910	6	5
1910	7	1
1910	8	0
1910	9	0
1910	10	0
1910	11	372
1910	12	38
1910	13	0
1910	14	0
1910	15	0
1910	16	0
1910	17	2
1910	18	0
1910	19	0
1910	20	4
1910	21	7
1910	22	26
1910	23	119
1910	24	37
1910	25	245
1910	26	7
1910	27	29
1910	28	5
1910	29	107
1910	30	162
1910	31	21
1910	32	53
1910	33	95
1910	34	70
1910	35	157
1910	36	22
1910	37	39
1910	38	2
1910	39	43
1910	40	56
1910	41	22
1910	42	59
1910	43	125
1910	44	81
1910	45	13
1910	46	26
1910	47	45
1910	48	26
1910	49	48
1910	50	15
1910	51	18
1910	52	74
1910	53	3
1910	54	35
1910	55	11
1910	56	52
1910	57	1
1910	58	6
1910	59	23
1910	60	53
1910	61	0
1911	1	0
1911	2	0
1911	3	17
1911	4	0
1911	5	0
1911	6	48
1911	7	41
1911	8	8
1911	9	0
1911	10	33
1911	11	1
1911	12	1
1911	13	83
1911	14	2
1911	15	1
1911	16	7
1911	17	5
1911	18	6
1911	19	2
1911	20	11
1911	21	2
1911	22	77
1911	23	22
1911	24	56
1911	25	20
1911	26	59
1911	27	111
1911	28	39
1911	29	53
1911	30	2
1911	31	0
1911	32	24
1911	33	71
1911	34	45
1911	35	41
1911	36	19
1911	37	0
1911	38	54
1911	39	8
1911	40	10
1911	41	100
1911	42	0
1911	43	36
1911	44	33
1911	45	70
1911	46	141
1911	47	5
1911	48	16
1911	49	4
1911	50	4
1911	51	36
1911	52	0
1911	53	0
1911	54	0
1911	55	29
1911	56	6
1911	57	125
1911	58	0
1911	59	2
1911	60	13
1911	61	0
1912	1	21
1912	2	0
1912	3	0
1912	4	0
1912	5	0
1912	6	0
1912	7	8
1912	8	0
1912	9	23
1912	10	7
1912	11	0
1912	12	46
1912	13	0
1912	14	18
1912	15	3
1912	16	82
1912	17	74
1912	18	11
1912	19	9
1912	20	0
1912	21	0
1912	22	34
1912	23	0
1912	24	1
1912	25	5
1912	26	79
1912	27	3
1912	28	70
1912	29	7
1912	30	266
1912	31	81
1912	32	53
1912	33	55
1912	34	10
1912	35	43
1912	36	64
1912	37	46
1912	38	3
1912	39	0
1912	40	56
1912	41	94
1912	42	69
1912	43	42
1912	44	79
1912	45	21
1912	46	17
1912	47	45
1912	48	48
1912	49	3
1912	50	0
1912	51	0
1912	52	106
1912	53	1
1912	54	82
1912	55	12
1912	56	23
1912	57	114
1912	58	23
1912	59	0
1912	60	0
1912	61	0
1913	1	18
1913	2	0
1913	3	0
1913	4	0
1913	5	0
1913	6	13
1913	7	0
1913	8	235
1913	9	9
1913	10	0
1913	11	24
1913	12	25
1913	13	13
1913	14	56
1913	15	1
1913	16	0
1913	17	0
1913	18	1
1913	19	1
1913	20	75
1913	21	12
1913	22	0
1913	23	28
1913	24	19
1913	25	48
1913	26	13
1913	27	0
1913	28	37
1913	29	8
1913	30	0
1913	31	5
1913	32	3
1913	33	28
1913	34	20
1913	35	9
1913	36	47
1913	37	42
1913	38	22
1913	39	91
1913	40	1
1913	41	17
1913	42	39
1913	43	30
1913	44	107
1913	45	91
1913	46	2
1913	47	0
1913	48	53
1913	49	6
1913	50	150
1913	51	35
1913	52	28
1913	53	57
1913	54	0
1913	55	51
1913	56	0
1913	57	0
1913	58	0
1913	59	0
1913	60	247
1913	61	0
1914	1	0
1914	2	0
1914	3	2
1914	4	0
1914	5	105
1914	6	9
1914	7	14
1914	8	0
1914	9	0
1914	10	20
1914	11	0
1914	12	89
1914	13	0
1914	14	0
1914	15	19
1914	16	45
1914	17	6
1914	18	35
1914	19	85
1914	20	5
1914	21	15
1914	22	5
1914	23	75
1914	24	0
1914	25	34
1914	26	7
1914	27	12
1914	28	47
1914	29	1
1914	30	3
1914	31	3
1914	32	44
1914	33	45
1914	34	0
1914	35	48
1914	36	3
1914	37	1
1914	38	2
1914	39	7
1914	40	0
1914	41	22
1914	42	32
1914	43	10
1914	44	0
1914	45	18
1914	46	0
1914	47	0
1914	48	0
1914	49	0
1914	50	7
1914	51	9
1914	52	3
1914	53	9
1914	54	22
1914	55	171
1914	56	0
1914	57	0
1914	58	14
1914	59	23
1914	60	22
1914	61	0
1915	1	0
1915	2	0
1915	3	0
1915	4	49
1915	5	0
1915	6	0
1915	7	2
1915	8	0
1915	9	1
1915	10	10
1915	11	7
1915	12	7
1915	13	0
1915	14	0
1915	15	0
1915	16	0
1915	17	212
1915	18	9
1915	19	20
1915	20	0
1915	21	0
1915	22	1
1915	23	222
1915	24	39
1915	25	28
1915	26	0
1915	27	45
1915	28	0
1915	29	137
1915	30	158
1915	31	21
1915	32	102
1915	33	6
1915	34	125
1915	35	0
1915	36	92
1915	37	130
1915	38	17
1915	39	0
1915	40	24
1915	41	36
1915	42	55
1915	43	131
1915	44	82
1915	45	29
1915	46	34
1915	47	14
1915	48	10
1915	49	14
1915	50	27
1915	51	2
1915	52	0
1915	53	3
1915	54	27
1915	55	4
1915	56	0
1915	57	0
1915	58	5
1915	59	0
1915	60	0
1915	61	1
1916	1	46
1916	2	14
1916	3	3
1916	4	0
1916	5	7
1916	6	6
1916	7	23
1916	8	0
1916	9	0
1916	10	0
1916	11	0
1916	12	0
1916	13	0
1916	14	0
1916	15	48
1916	16	20
1916	17	5
1916	18	29
1916	19	19
1916	20	77
1916	21	0
1916	22	0
1916	23	52
1916	24	4
1916	25	0
1916	26	194
1916	27	57
1916	28	28
1916	29	150
1916	30	390
1916	31	116
1916	32	118
1916	33	1
1916	34	128
1916	35	66
1916	36	72
1916	37	42
1916	38	142
1916	39	53
1916	40	49
1916	41	42
1916	42	6
1916	43	5
1916	44	0
1916	45	157
1916	46	1
1916	47	61
1916	48	44
1916	49	10
1916	50	70
1916	51	8
1916	52	66
1916	53	69
1916	54	95
1916	55	53
1916	56	2
1916	57	11
1916	58	138
1916	59	2
1916	60	0
1916	61	17
1917	1	6
1917	2	2
1917	3	8
1917	4	26
1917	5	0
1917	6	0
1917	7	0
1917	8	185
1917	9	46
1917	10	10
1917	11	0
1917	12	4
1917	13	103
1917	14	1
1917	15	141
1917	16	25
1917	17	30
1917	18	10
1917	19	0
1917	20	3
1917	21	76
1917	22	132
1917	23	230
1917	24	70
1917	25	11
1917	26	39
1917	27	60
1917	28	117
1917	29	29
1917	30	16
1917	31	82
1917	32	32
1917	33	48
1917	34	212
1917	35	31
1917	36	50
1917	37	5
1917	38	26
1917	39	150
1917	40	8
1917	41	75
1917	42	89
1917	43	156
1917	44	80
1917	45	37
1917	46	9
1917	47	81
1917	48	16
1917	49	55
1917	50	33
1917	51	17
1917	52	1
1917	53	5
1917	54	13
1917	55	96
1917	56	1
1917	57	0
1917	58	31
1917	59	38
1917	60	0
1917	61	33
1918	1	23
1918	2	0
1918	3	35
1918	4	0
1918	5	2
1918	6	0
1918	7	1
1918	8	0
1918	9	17
1918	10	0
1918	11	42
1918	12	0
1918	13	6
1918	14	0
1918	15	2
1918	16	44
1918	17	0
1918	18	0
1918	19	12
1918	20	32
1918	21	0
1918	22	83
1918	23	99
1918	24	95
1918	25	51
1918	26	8
1918	27	33
1918	28	32
1918	29	117
1918	30	89
1918	31	70
1918	32	57
1918	33	108
1918	34	0
1918	35	27
1918	36	0
1918	37	140
1918	38	0
1918	39	99
1918	40	1
1918	41	69
1918	42	8
1918	43	7
1918	44	0
1918	45	6
1918	46	0
1918	47	196
1918	48	27
1918	49	9
1918	50	20
1918	51	20
1918	52	0
1918	53	0
1918	54	14
1918	55	0
1918	56	2
1918	57	3
1918	58	33
1918	59	0
1918	60	25
1918	61	0
1919	1	0
1919	2	31
1919	3	0
1919	4	0
1919	5	2
1919	6	22
1919	7	16
1919	8	198
1919	9	52
1919	10	0
1919	11	3
1919	12	2
1919	13	0
1919	14	0
1919	15	5
1919	16	16
1919	17	5
1919	18	0
1919	19	0
1919	20	6
1919	21	4
1919	22	181
1919	23	11
1919	24	0
1919	25	22
1919	26	14
1919	27	0
1919	28	44
1919	29	43
1919	30	62
1919	31	34
1919	32	29
1919	33	61
1919	34	1
1919	35	5
1919	36	76
1919	37	96
1919	38	113
1919	39	0
1919	40	56
1919	41	11
1919	42	118
1919	43	124
1919	44	10
1919	45	22
1919	46	31
1919	47	48
1919	48	13
1919	49	2
1919	50	3
1919	51	2
1919	52	0
1919	53	7
1919	54	5
1919	55	0
1919	56	1
1919	57	0
1919	58	0
1919	59	2
1919	60	35
1919	61	77
1920	1	0
1920	2	0
1920	3	20
1920	4	0
1920	5	0
1920	6	1
1920	7	2
1920	8	0
1920	9	0
1920	10	3
1920	11	68
1920	12	70
1920	13	6
1920	14	0
1920	15	0
1920	16	6
1920	17	1
1920	18	32
1920	19	0
1920	20	1
1920	21	22
1920	22	84
1920	23	143
1920	24	4
1920	25	0
1920	26	357
1920	27	57
1920	28	98
1920	29	101
1920	30	77
1920	31	46
1920	32	93
1920	33	78
1920	34	42
1920	35	35
1920	36	12
1920	37	87
1920	38	30
1920	39	55
1920	40	121
1920	41	36
1920	42	67
1920	43	63
1920	44	19
1920	45	1
1920	46	5
1920	47	21
1920	48	117
1920	49	0
1920	50	144
1920	51	4
1920	52	22
1920	53	74
1920	54	13
1920	55	0
1920	56	121
1920	57	16
1920	58	0
1920	59	17
1920	60	2
1920	61	176
1921	1	159
1921	2	0
1921	3	0
1921	4	0
1921	5	0
1921	6	5
1921	7	0
1921	8	0
1921	9	10
1921	10	168
1921	11	0
1921	12	0
1921	13	0
1921	14	0
1921	15	37
1921	16	1
1921	17	7
1921	18	36
1921	19	1
1921	20	0
1921	21	1
1921	22	5
1921	23	0
1921	24	261
1921	25	155
1921	26	38
1921	27	116
1921	28	53
1921	29	5
1921	30	0
1921	31	38
1921	32	0
1921	33	46
1921	34	18
1921	35	54
1921	36	195
1921	37	6
1921	38	39
1921	39	10
1921	40	25
1921	41	17
1921	42	51
1921	43	28
1921	44	169
1921	45	21
1921	46	43
1921	47	38
1921	48	93
1921	49	44
1921	50	1
1921	51	0
1921	52	108
1921	53	0
1921	54	8
1921	55	87
1921	56	30
1921	57	34
1921	58	2
1921	59	0
1921	60	1
1921	61	0
1922	1	135
1922	2	85
1922	3	2
1922	4	0
1922	5	0
1922	6	0
1922	7	0
1922	8	0
1922	9	5
1922	10	0
1922	11	0
1922	12	0
1922	13	0
1922	14	13
1922	15	0
1922	16	87
1922	17	2
1922	18	2
1922	19	3
1922	20	57
1922	21	99
1922	22	115
1922	23	15
1922	24	0
1922	25	104
1922	26	109
1922	27	11
1922	28	30
1922	29	9
1922	30	59
1922	31	90
1922	32	219
1922	33	63
1922	34	106
1922	35	9
1922	36	30
1922	37	36
1922	38	124
1922	39	57
1922	40	8
1922	41	0
1922	42	1
1922	43	2
1922	44	50
1922	45	97
1922	46	35
1922	47	23
1922	48	28
1922	49	0
1922	50	78
1922	51	17
1922	52	8
1922	53	0
1922	54	0
1922	55	0
1922	56	0
1922	57	3
1922	58	102
1922	59	52
1922	60	106
1922	61	34
1923	1	34
1923	2	8
1923	3	15
1923	4	1
1923	5	13
1923	6	0
1923	7	0
1923	8	0
1923	9	0
1923	10	6
1923	11	3
1923	12	0
1923	13	0
1923	14	0
1923	15	0
1923	16	3
1923	17	0
1923	18	0
1923	19	0
1923	20	0
1923	21	61
1923	22	195
1923	23	13
1923	24	66
1923	25	132
1923	26	77
1923	27	191
1923	28	120
1923	29	85
1923	30	71
1923	31	142
1923	32	67
1923	33	104
1923	34	111
1923	35	15
1923	36	179
1923	37	26
1923	38	38
1923	39	0
1923	40	24
1923	41	55
1923	42	3
1923	43	50
1923	44	285
1923	45	202
1923	46	56
1923	47	16
1923	48	93
1923	49	34
1923	50	2
1923	51	64
1923	52	2
1923	53	9
1923	54	34
1923	55	0
1923	56	1
1923	57	35
1923	58	94
1923	59	142
1923	60	2
1923	61	0
1924	1	11
1924	2	25
1924	3	0
1924	4	20
1924	5	15
1924	6	2
1924	7	5
1924	8	117
1924	9	137
1924	10	3
1924	11	108
1924	12	0
1924	13	0
1924	14	0
1924	15	99
1924	16	0
1924	17	74
1924	18	23
1924	19	34
1924	20	13
1924	21	11
1924	22	3
1924	23	12
1924	24	163
1924	25	54
1924	26	67
1924	27	163
1924	28	83
1924	29	23
1924	30	34
1924	31	1
1924	32	1
1924	33	12
1924	34	16
1924	35	26
1924	36	23
1924	37	19
1924	38	105
1924	39	3
1924	40	70
1924	41	7
1924	42	43
1924	43	137
1924	44	79
1924	45	55
1924	46	27
1924	47	21
1924	48	7
1924	49	114
1924	50	52
1924	51	9
1924	52	94
1924	53	60
1924	54	4
1924	55	27
1924	56	2
1924	57	1
1924	58	0
1924	59	3
1924	60	0
1924	61	27
1925	1	0
1925	2	0
1925	3	8
1925	4	32
1925	5	0
1925	6	0
1925	7	566
1925	8	29
1925	9	0
1925	10	14
1925	11	28
1925	12	0
1925	13	0
1925	14	11
1925	15	0
1925	16	86
1925	17	10
1925	18	0
1925	19	11
1925	20	1
1925	21	0
1925	22	55
1925	23	76
1925	24	96
1925	25	75
1925	26	105
1925	27	45
1925	28	0
1925	29	1
1925	30	88
1925	31	48
1925	32	16
1925	33	44
1925	34	56
1925	35	38
1925	36	37
1925	37	0
1925	38	5
1925	39	78
1925	40	53
1925	41	2
1925	42	20
1925	43	90
1925	44	121
1925	45	14
1925	46	78
1925	47	1
1925	48	38
1925	49	52
1925	50	2
1925	51	2
1925	52	0
1925	53	0
1925	54	39
1925	55	0
1925	56	0
1925	57	0
1925	58	5
1925	59	0
1925	60	15
1925	61	0
1926	1	0
1926	2	2
1926	3	0
1926	4	0
1926	5	0
1926	6	0
1926	7	33
1926	8	0
1926	9	1
1926	10	70
1926	11	0
1926	12	0
1926	13	1
1926	14	0
1926	15	0
1926	16	26
1926	17	9
1926	18	42
1926	19	42
1926	20	87
1926	21	184
1926	22	25
1926	23	0
1926	24	143
1926	25	74
1926	26	37
1926	27	21
1926	28	3
1926	29	81
1926	30	30
1926	31	0
1926	32	7
1926	33	29
1926	34	46
1926	35	89
1926	36	134
1926	37	39
1926	38	49
1926	39	13
1926	40	102
1926	41	119
1926	42	23
1926	43	13
1926	44	55
1926	45	122
1926	46	19
1926	47	160
1926	48	72
1926	49	0
1926	50	0
1926	51	0
1926	52	65
1926	53	2
1926	54	12
1926	55	0
1926	56	3
1926	57	43
1926	58	6
1926	59	29
1926	60	58
1926	61	0
1927	1	26
1927	2	0
1927	3	1
1927	4	0
1927	5	0
1927	6	63
1927	7	0
1927	8	0
1927	9	0
1927	10	28
1927	11	3
1927	12	2
1927	13	28
1927	14	66
1927	15	0
1927	16	0
1927	17	0
1927	18	0
1927	19	2
1927	20	14
1927	21	29
1927	22	3
1927	23	54
1927	24	49
1927	25	84
1927	26	5
1927	27	42
1927	28	11
1927	29	96
1927	30	2
1927	31	24
1927	32	111
1927	33	28
1927	34	103
1927	35	0
1927	36	72
1927	37	177
1927	38	23
1927	39	69
1927	40	43
1927	41	14
1927	42	16
1927	43	0
1927	44	3
1927	45	17
1927	46	77
1927	47	0
1927	48	2
1927	49	4
1927	50	8
1927	51	109
1927	52	17
1927	53	0
1927	54	0
1927	55	21
1927	56	73
1927	57	72
1927	58	0
1927	59	0
1927	60	0
1927	61	1
1928	1	0
1928	2	3
1928	3	0
1928	4	90
1928	5	8
1928	6	146
1928	7	0
1928	8	105
1928	9	0
1928	10	0
1928	11	0
1928	12	4
1928	13	0
1928	14	85
1928	15	16
1928	16	4
1928	17	0
1928	18	3
1928	19	0
1928	20	90
1928	21	52
1928	22	23
1928	23	51
1928	24	0
1928	25	58
1928	26	20
1928	27	73
1928	28	117
1928	29	64
1928	30	78
1928	31	0
1928	32	32
1928	33	109
1928	34	23
1928	35	108
1928	36	7
1928	37	1
1928	38	3
1928	39	5
1928	40	47
1928	41	30
1928	42	51
1928	43	25
1928	44	0
1928	45	31
1928	46	99
1928	47	119
1928	48	19
1928	49	18
1928	50	24
1928	51	29
1928	52	49
1928	53	0
1928	54	0
1928	55	0
1928	56	0
1928	57	12
1928	58	0
1928	59	0
1928	60	9
1928	61	3
1929	1	0
1929	2	2
1929	3	2
1929	4	0
1929	5	29
1929	6	12
1929	7	0
1929	8	5
1929	9	0
1929	10	0
1929	11	22
1929	12	3
1929	13	0
1929	14	2
1929	15	3
1929	16	0
1929	17	4
1929	18	0
1929	19	20
1929	20	18
1929	21	27
1929	22	60
1929	23	9
1929	24	39
1929	25	5
1929	26	122
1929	27	67
1929	28	0
1929	29	141
1929	30	10
1929	31	91
1929	32	63
1929	33	16
1929	34	55
1929	35	9
1929	36	13
1929	37	22
1929	38	74
1929	39	8
1929	40	28
1929	41	53
1929	42	15
1929	43	5
1929	44	42
1929	45	63
1929	46	46
1929	47	68
1929	48	3
1929	49	4
1929	50	4
1929	51	19
1929	52	6
1929	53	40
1929	54	32
1929	55	18
1929	56	20
1929	57	9
1929	58	0
1929	59	0
1929	60	1
1929	61	322
1930	1	2
1930	2	0
1930	3	0
1930	4	0
1930	5	0
1930	6	0
1930	7	4
1930	8	0
1930	9	39
1930	10	0
1930	11	0
1930	12	3
1930	13	0
1930	14	0
1930	15	2
1930	16	14
1930	17	11
1930	18	0
1930	19	55
1930	20	17
1930	21	0
1930	22	92
1930	23	22
1930	24	0
1930	25	0
1930	26	2
1930	27	12
1930	28	10
1930	29	0
1930	30	87
1930	31	175
1930	32	49
1930	33	51
1930	34	26
1930	35	91
1930	36	101
1930	37	101
1930	38	108
1930	39	36
1930	40	19
1930	41	51
1930	42	29
1930	43	59
1930	44	77
1930	45	53
1930	46	4
1930	47	69
1930	48	4
1930	49	137
1930	50	42
1930	51	28
1930	52	11
1930	53	11
1930	54	65
1930	55	4
1930	56	1
1930	57	35
1930	58	0
1930	59	3
1930	60	53
1930	61	0
1931	1	58
1931	2	0
1931	3	9
1931	4	0
1931	5	3
1931	6	3
1931	7	0
1931	8	16
1931	9	7
1931	10	4
1931	11	14
1931	12	88
1931	13	0
1931	14	30
1931	15	0
1931	16	9
1931	17	0
1931	18	38
1931	19	1
1931	20	42
1931	21	91
1931	22	21
1931	23	69
1931	24	50
1931	25	51
1931	26	20
1931	27	245
1931	28	87
1931	29	76
1931	30	125
1931	31	57
1931	32	46
1931	33	97
1931	34	37
1931	35	132
1931	36	15
1931	37	69
1931	38	31
1931	39	60
1931	40	79
1931	41	127
1931	42	21
1931	43	127
1931	44	5
1931	45	3
1931	46	19
1931	47	2
1931	48	4
1931	49	35
1931	50	0
1931	51	0
1931	52	20
1931	53	18
1931	54	49
1931	55	0
1931	56	0
1931	57	0
1931	58	0
1931	59	0
1931	60	22
1931	61	0
1932	1	0
1932	2	15
1932	3	0
1932	4	0
1932	5	0
1932	6	78
1932	7	15
1932	8	19
1932	9	28
1932	10	0
1932	11	0
1932	12	51
1932	13	18
1932	14	0
1932	15	71
1932	16	202
1932	17	132
1932	18	92
1932	19	4
1932	20	42
1932	21	0
1932	22	17
1932	23	0
1932	24	100
1932	25	0
1932	26	195
1932	27	6
1932	28	235
1932	29	89
1932	30	45
1932	31	55
1932	32	25
1932	33	39
1932	34	31
1932	35	70
1932	36	44
1932	37	78
1932	38	129
1932	39	0
1932	40	35
1932	41	53
1932	42	35
1932	43	16
1932	44	56
1932	45	34
1932	46	54
1932	47	28
1932	48	101
1932	49	15
1932	50	73
1932	51	25
1932	52	4
1932	53	0
1932	54	0
1932	55	22
1932	56	4
1932	57	6
1932	58	0
1932	59	4
1932	60	14
1932	61	0
1933	1	0
1933	2	33
1933	3	11
1933	4	174
1933	5	3
1933	6	4
1933	7	0
1933	8	0
1933	9	1
1933	10	17
1933	11	84
1933	12	0
1933	13	1
1933	14	6
1933	15	42
1933	16	0
1933	17	169
1933	18	26
1933	19	0
1933	20	3
1933	21	123
1933	22	17
1933	23	125
1933	24	5
1933	25	244
1933	26	54
1933	27	5
1933	28	13
1933	29	36
1933	30	51
1933	31	11
1933	32	7
1933	33	64
1933	34	11
1933	35	53
1933	36	90
1933	37	36
1933	38	33
1933	39	43
1933	40	62
1933	41	146
1933	42	46
1933	43	25
1933	44	162
1933	45	11
1933	46	7
1933	47	29
1933	48	5
1933	49	0
1933	50	22
1933	51	1
1933	52	0
1933	53	0
1933	54	9
1933	55	0
1933	56	14
1933	57	0
1933	58	41
1933	59	7
1933	60	4
1933	61	26
1934	1	42
1934	2	4
1934	3	0
1934	4	0
1934	5	0
1934	6	0
1934	7	1
1934	8	13
1934	9	0
1934	10	0
1934	11	0
1934	12	0
1934	13	23
1934	14	22
1934	15	21
1934	16	25
1934	17	50
1934	18	31
1934	19	45
1934	20	0
1934	21	0
1934	22	1
1934	23	0
1934	24	0
1934	25	8
1934	26	48
1934	27	11
1934	28	23
1934	29	0
1934	30	22
1934	31	24
1934	32	49
1934	33	1
1934	34	28
1934	35	2
1934	36	89
1934	37	45
1934	38	180
1934	39	31
1934	40	30
1934	41	40
1934	42	114
1934	43	82
1934	44	109
1934	45	28
1934	46	70
1934	47	33
1934	48	69
1934	49	44
1934	50	38
1934	51	0
1934	52	357
1934	53	16
1934	54	1
1934	55	7
1934	56	39
1934	57	2
1934	58	54
1934	59	4
1934	60	0
1934	61	48
1935	1	70
1935	2	8
1935	3	0
1935	4	0
1935	5	0
1935	6	0
1935	7	0
1935	8	1
1935	9	1
1935	10	0
1935	11	0
1935	12	0
1935	13	97
1935	14	140
1935	15	9
1935	16	5
1935	17	56
1935	18	29
1935	19	32
1935	20	44
1935	21	15
1935	22	103
1935	23	69
1935	24	1
1935	25	53
1935	26	54
1935	27	68
1935	28	47
1935	29	62
1935	30	54
1935	31	59
1935	32	26
1935	33	90
1935	34	28
1935	35	37
1935	36	152
1935	37	116
1935	38	24
1935	39	0
1935	40	42
1935	41	53
1935	42	1
1935	43	48
1935	44	181
1935	45	0
1935	46	7
1935	47	11
1935	48	42
1935	49	151
1935	50	26
1935	51	29
1935	52	5
1935	53	64
1935	54	5
1935	55	14
1935	56	11
1935	57	5
1935	58	14
1935	59	0
1935	60	49
1935	61	37
1936	1	40
1936	2	99
1936	3	0
1936	4	4
1936	5	2
1936	6	0
1936	7	0
1936	8	3
1936	9	77
1936	10	2
1936	11	0
1936	12	5
1936	13	0
1936	14	2
1936	15	0
1936	16	1
1936	17	89
1936	18	0
1936	19	31
1936	20	0
1936	21	17
1936	22	50
1936	23	36
1936	24	0
1936	25	0
1936	26	189
1936	27	17
1936	28	28
1936	29	29
1936	30	44
1936	31	45
1936	32	15
1936	33	62
1936	34	15
1936	35	82
1936	36	72
1936	37	27
1936	38	69
1936	39	14
1936	40	54
1936	41	8
1936	42	0
1936	43	24
1936	44	22
1936	45	20
1936	46	18
1936	47	25
1936	48	14
1936	49	99
1936	50	4
1936	51	84
1936	52	10
1936	53	0
1936	54	41
1936	55	0
1936	56	3
1936	57	51
1936	58	29
1936	59	252
1936	60	10
1936	61	0
1937	1	11
1937	2	3
1937	3	0
1937	4	106
1937	5	122
1937	6	0
1937	7	0
1937	8	38
1937	9	41
1937	10	0
1937	11	2
1937	12	0
1937	13	0
1937	14	0
1937	15	103
1937	16	0
1937	17	1
1937	18	0
1937	19	0
1937	20	65
1937	21	4
1937	22	47
1937	23	145
1937	24	69
1937	25	63
1937	26	99
1937	27	3
1937	28	125
1937	29	14
1937	30	0
1937	31	30
1937	32	5
1937	33	21
1937	34	70
1937	35	67
1937	36	42
1937	37	2
1937	38	132
1937	39	130
1937	40	33
1937	41	74
1937	42	0
1937	43	51
1937	44	141
1937	45	2
1937	46	25
1937	47	14
1937	48	13
1937	49	6
1937	50	21
1937	51	0
1937	52	2
1937	53	12
1937	54	3
1937	55	0
1937	56	212
1937	57	5
1937	58	113
1937	59	4
1937	60	10
1937	61	4
1938	1	21
1938	2	0
1938	3	22
1938	4	0
1938	5	18
1938	6	61
1938	7	8
1938	8	12
1938	9	96
1938	10	68
1938	11	8
1938	12	3
1938	13	0
1938	14	0
1938	15	2
1938	16	3
1938	17	0
1938	18	393
1938	19	10
1938	20	175
1938	21	18
1938	22	7
1938	23	33
1938	24	0
1938	25	32
1938	26	81
1938	27	31
1938	28	59
1938	29	7
1938	30	46
1938	31	38
1938	32	0
1938	33	11
1938	34	69
1938	35	63
1938	36	39
1938	37	70
1938	38	25
1938	39	2
1938	40	138
1938	41	23
1938	42	35
1938	43	10
1938	44	18
1938	45	2
1938	46	0
1938	47	10
1938	48	0
1938	49	0
1938	50	15
1938	51	45
1938	52	13
1938	53	9
1938	54	0
1938	55	0
1938	56	28
1938	57	0
1938	58	13
1938	59	0
1938	60	6
1938	61	30
1939	1	25
1939	2	0
1939	3	105
1939	4	0
1939	5	0
1939	6	3
1939	7	0
1939	8	63
1939	9	7
1939	10	115
1939	11	0
1939	12	112
1939	13	0
1939	14	1
1939	15	2
1939	16	32
1939	17	4
1939	18	32
1939	19	56
1939	20	91
1939	21	0
1939	22	3
1939	23	153
1939	24	35
1939	25	0
1939	26	203
1939	27	10
1939	28	2
1939	29	39
1939	30	151
1939	31	28
1939	32	38
1939	33	21
1939	34	62
1939	35	11
1939	36	40
1939	37	69
1939	38	16
1939	39	66
1939	40	89
1939	41	81
1939	42	20
1939	43	52
1939	44	5
1939	45	3
1939	46	1
1939	47	49
1939	48	34
1939	49	5
1939	50	0
1939	51	96
1939	52	194
1939	53	0
1939	54	48
1939	55	0
1939	56	29
1939	57	17
1939	58	5
1939	59	0
1939	60	3
1939	61	3
1940	1	96
1940	2	0
1940	3	0
1940	4	4
1940	5	20
1940	6	0
1940	7	0
1940	8	7
1940	9	11
1940	10	20
1940	11	0
1940	12	0
1940	13	0
1940	14	32
1940	15	0
1940	16	29
1940	17	56
1940	18	60
1940	19	0
1940	20	121
1940	21	98
1940	22	9
1940	23	23
1940	24	9
1940	25	5
1940	26	20
1940	27	22
1940	28	6
1940	29	30
1940	30	3
1940	31	18
1940	32	116
1940	33	74
1940	34	24
1940	35	34
1940	36	62
1940	37	34
1940	38	31
1940	39	1
1940	40	45
1940	41	37
1940	42	0
1940	43	56
1940	44	16
1940	45	26
1940	46	32
1940	47	11
1940	48	2
1940	49	6
1940	50	30
1940	51	2
1940	52	25
1940	53	95
1940	54	0
1940	55	55
1940	56	0
1940	57	3
1940	58	2
1940	59	83
1940	60	10
1940	61	5
1941	1	0
1941	2	0
1941	3	8
1941	4	112
1941	5	211
1941	6	71
1941	7	0
1941	8	0
1941	9	1
1941	10	5
1941	11	125
1941	12	0
1941	13	28
1941	14	15
1941	15	15
1941	16	51
1941	17	0
1941	18	26
1941	19	21
1941	20	3
1941	21	0
1941	22	12
1941	23	10
1941	24	54
1941	25	2
1941	26	37
1941	27	64
1941	28	0
1941	29	56
1941	30	2
1941	31	69
1941	32	38
1941	33	190
1941	34	75
1941	35	49
1941	36	2
1941	37	28
1941	38	5
1941	39	101
1941	40	9
1941	41	22
1941	42	180
1941	43	90
1941	44	4
1941	45	65
1941	46	118
1941	47	27
1941	48	0
1941	49	7
1941	50	61
1941	51	30
1941	52	6
1941	53	4
1941	54	84
1941	55	0
1941	56	6
1941	57	29
1941	58	0
1941	59	27
1941	60	0
1941	61	1
1942	1	0
1942	2	0
1942	3	0
1942	4	97
1942	5	64
1942	6	0
1942	7	15
1942	8	0
1942	9	1
1942	10	5
1942	11	2
1942	12	0
1942	13	1
1942	14	0
1942	15	28
1942	16	33
1942	17	0
1942	18	0
1942	19	6
1942	20	147
1942	21	230
1942	22	37
1942	23	82
1942	24	14
1942	25	88
1942	26	48
1942	27	68
1942	28	140
1942	29	81
1942	30	135
1942	31	87
1942	32	39
1942	33	0
1942	34	88
1942	35	33
1942	36	0
1942	37	68
1942	38	102
1942	39	8
1942	40	33
1942	41	166
1942	42	39
1942	43	150
1942	44	59
1942	45	53
1942	46	2
1942	47	54
1942	48	0
1942	49	21
1942	50	0
1942	51	39
1942	52	68
1942	53	0
1942	54	3
1942	55	43
1942	56	15
1942	57	35
1942	58	0
1942	59	4
1942	60	10
1942	61	3
1943	1	0
1943	2	33
1943	3	32
1943	4	19
1943	5	0
1943	6	0
1943	7	22
1943	8	233
1943	9	63
1943	10	1
1943	11	5
1943	12	1
1943	13	0
1943	14	0
1943	15	2
1943	16	9
1943	17	72
1943	18	53
1943	19	109
1943	20	14
1943	21	24
1943	22	17
1943	23	17
1943	24	0
1943	25	0
1943	26	67
1943	27	23
1943	28	31
1943	29	83
1943	30	43
1943	31	29
1943	32	16
1943	33	25
1943	34	23
1943	35	108
1943	36	67
1943	37	53
1943	38	3
1943	39	8
1943	40	49
1943	41	6
1943	42	0
1943	43	17
1943	44	45
1943	45	81
1943	46	42
1943	47	44
1943	48	2
1943	49	52
1943	50	11
1943	51	11
1943	52	32
1943	53	0
1943	54	0
1943	55	0
1943	56	8
1943	57	0
1943	58	4
1943	59	65
1943	60	0
1943	61	0
1944	1	13
1944	2	5
1944	3	0
1944	4	0
1944	5	0
1944	6	0
1944	7	61
1944	8	8
1944	9	0
1944	10	9
1944	11	8
1944	12	55
1944	13	0
1944	14	0
1944	15	0
1944	16	36
1944	17	106
1944	18	12
1944	19	11
1944	20	26
1944	21	204
1944	22	121
1944	23	27
1944	24	37
1944	25	24
1944	26	0
1944	27	18
1944	28	34
1944	29	14
1944	30	0
1944	31	65
1944	32	96
1944	33	3
1944	34	38
1944	35	2
1944	36	33
1944	37	4
1944	38	10
1944	39	13
1944	40	1
1944	41	4
1944	42	3
1944	43	26
1944	44	15
1944	45	15
1944	46	77
1944	47	40
1944	48	0
1944	49	17
1944	50	40
1944	51	26
1944	52	85
1944	53	32
1944	54	1
1944	55	25
1944	56	0
1944	57	14
1944	58	64
1944	59	23
1944	60	112
1944	61	0
1945	1	0
1945	2	53
1945	3	0
1945	4	0
1945	5	0
1945	6	71
1945	7	0
1945	8	16
1945	9	48
1945	10	1
1945	11	0
1945	12	0
1945	13	0
1945	14	6
1945	15	17
1945	16	0
1945	17	0
1945	18	0
1945	19	0
1945	20	0
1945	21	19
1945	22	107
1945	23	45
1945	24	7
1945	25	0
1945	26	19
1945	27	0
1945	28	2
1945	29	121
1945	30	29
1945	31	21
1945	32	9
1945	33	12
1945	34	18
1945	35	4
1945	36	61
1945	37	37
1945	38	59
1945	39	49
1945	40	104
1945	41	19
1945	42	30
1945	43	0
1945	44	127
1945	45	58
1945	46	9
1945	47	11
1945	48	2
1945	49	4
1945	50	135
1945	51	84
1945	52	6
1945	53	22
1945	54	204
1945	55	4
1945	56	6
1945	57	7
1945	58	0
1945	59	102
1945	60	0
1945	61	20
1946	1	6
1946	2	0
1946	3	118
1946	4	29
1946	5	4
1946	6	14
1946	7	3
1946	8	8
1946	9	274
1946	10	2
1946	11	7
1946	12	39
1946	13	127
1946	14	0
1946	15	4
1946	16	1
1946	17	4
1946	18	8
1946	19	88
1946	20	38
1946	21	5
1946	22	0
1946	23	168
1946	24	0
1946	25	36
1946	26	73
1946	27	106
1946	28	29
1946	29	11
1946	30	2
1946	31	36
1946	32	13
1946	33	84
1946	34	79
1946	35	98
1946	36	36
1946	37	0
1946	38	88
1946	39	30
1946	40	32
1946	41	3
1946	42	4
1946	43	66
1946	44	20
1946	45	39
1946	46	4
1946	47	1
1946	48	51
1946	49	9
1946	50	47
1946	51	0
1946	52	7
1946	53	40
1946	54	28
1946	55	1
1946	56	49
1946	57	45
1946	58	3
1946	59	5
1946	60	110
1946	61	27
1947	1	6
1947	2	6
1947	3	0
1947	4	2
1947	5	7
1947	6	2
1947	7	66
1947	8	6
1947	9	3
1947	10	13
1947	11	2
1947	12	44
1947	13	9
1947	14	0
1947	15	168
1947	16	15
1947	17	68
1947	18	0
1947	19	51
1947	20	37
1947	21	0
1947	22	18
1947	23	1
1947	24	20
1947	25	73
1947	26	12
1947	27	57
1947	28	4
1947	29	24
1947	30	93
1947	31	57
1947	32	74
1947	33	81
1947	34	27
1947	35	60
1947	36	26
1947	37	8
1947	38	121
1947	39	51
1947	40	96
1947	41	116
1947	42	10
1947	43	34
1947	44	22
1947	45	4
1947	46	110
1947	47	37
1947	48	15
1947	49	108
1947	50	26
1947	51	3
1947	52	82
1947	53	6
1947	54	2
1947	55	2
1947	56	35
1947	57	4
1947	58	19
1947	59	31
1947	60	115
1947	61	0
1948	1	13
1948	2	1
1948	3	0
1948	4	0
1948	5	0
1948	6	1
1948	7	0
1948	8	0
1948	9	5
1948	10	16
1948	11	26
1948	12	1
1948	13	0
1948	14	0
1948	15	0
1948	16	0
1948	17	239
1948	18	129
1948	19	94
1948	20	4
1948	21	125
1948	22	36
1948	23	72
1948	24	1
1948	25	62
1948	26	22
1948	27	83
1948	28	0
1948	29	63
1948	30	26
1948	31	10
1948	32	22
1948	33	2
1948	34	33
1948	35	59
1948	36	31
1948	37	0
1948	38	18
1948	39	79
1948	40	113
1948	41	51
1948	42	24
1948	43	0
1948	44	0
1948	45	9
1948	46	11
1948	47	1
1948	48	205
1948	49	12
1948	50	0
1948	51	214
1948	52	79
1948	53	34
1948	54	5
1948	55	0
1948	56	0
1948	57	0
1948	58	0
1948	59	62
1948	60	30
1948	61	17
1949	1	4
1949	2	0
1949	3	15
1949	4	0
1949	5	0
1949	6	5
1949	7	5
1949	8	4
1949	9	110
1949	10	131
1949	11	0
1949	12	0
1949	13	0
1949	14	0
1949	15	5
1949	16	1
1949	17	10
1949	18	0
1949	19	11
1949	20	0
1949	21	79
1949	22	4
1949	23	74
1949	24	45
1949	25	3
1949	26	43
1949	27	11
1949	28	1
1949	29	59
1949	30	8
1949	31	2
1949	32	1
1949	33	32
1949	34	95
1949	35	25
1949	36	80
1949	37	41
1949	38	13
1949	39	50
1949	40	37
1949	41	37
1949	42	14
1949	43	11
1949	44	1
1949	45	19
1949	46	3
1949	47	167
1949	48	244
1949	49	20
1949	50	15
1949	51	96
1949	52	53
1949	53	30
1949	54	16
1949	55	71
1949	56	2
1949	57	0
1949	58	1
1949	59	5
1949	60	0
1949	61	14
1950	1	0
1950	2	4
1950	3	0
1950	4	0
1950	5	0
1950	6	86
1950	7	0
1950	8	0
1950	9	1
1950	10	1
1950	11	1
1950	12	0
1950	13	0
1950	14	0
1950	15	23
1950	16	0
1950	17	12
1950	18	0
1950	19	0
1950	20	0
1950	21	1
1950	22	1
1950	23	50
1950	24	0
1950	25	146
1950	26	307
1950	27	16
1950	28	0
1950	29	0
1950	30	95
1950	31	38
1950	32	36
1950	33	0
1950	34	18
1950	35	12
1950	36	28
1950	37	70
1950	38	4
1950	39	63
1950	40	1
1950	41	72
1950	42	0
1950	43	4
1950	44	75
1950	45	21
1950	46	22
1950	47	77
1950	48	41
1950	49	39
1950	50	83
1950	51	5
1950	52	62
1950	53	2
1950	54	11
1950	55	0
1950	56	22
1950	57	0
1950	58	3
1950	59	4
1950	60	42
1950	61	7
1951	1	39
1951	2	42
1951	3	0
1951	4	0
1951	5	0
1951	6	0
1951	7	0
1951	8	0
1951	9	35
1951	10	0
1951	11	13
1951	12	1
1951	13	0
1951	14	0
1951	15	0
1951	16	45
1951	17	37
1951	18	72
1951	19	61
1951	20	22
1951	21	3
1951	22	102
1951	23	190
1951	24	37
1951	25	114
1951	26	1
1951	27	95
1951	28	107
1951	29	15
1951	30	61
1951	31	18
1951	32	177
1951	33	149
1951	34	112
1951	35	19
1951	36	52
1951	37	109
1951	38	25
1951	39	32
1951	40	75
1951	41	14
1951	42	3
1951	43	0
1951	44	1
1951	45	7
1951	46	16
1951	47	0
1951	48	126
1951	49	24
1951	50	201
1951	51	0
1951	52	25
1951	53	20
1951	54	2
1951	55	1
1951	56	6
1951	57	0
1951	58	105
1951	59	51
1951	60	39
1951	61	44
1952	1	12
1952	2	0
1952	3	0
1952	4	32
1952	5	93
1952	6	0
1952	7	17
1952	8	7
1952	9	0
1952	10	0
1952	11	0
1952	12	4
1952	13	3
1952	14	0
1952	15	0
1952	16	0
1952	17	14
1952	18	101
1952	19	31
1952	20	117
1952	21	2
1952	22	57
1952	23	98
1952	24	139
1952	25	75
1952	26	127
1952	27	17
1952	28	50
1952	29	34
1952	30	37
1952	31	31
1952	32	8
1952	33	65
1952	34	11
1952	35	0
1952	36	14
1952	37	41
1952	38	26
1952	39	16
1952	40	65
1952	41	1
1952	42	6
1952	43	10
1952	44	51
1952	45	8
1952	46	42
1952	47	1
1952	48	22
1952	49	59
1952	50	3
1952	51	67
1952	52	18
1952	53	35
1952	54	96
1952	55	21
1952	56	161
1952	57	40
1952	58	10
1952	59	0
1952	60	0
1952	61	5
1953	1	38
1953	2	0
1953	3	0
1953	4	0
1953	5	59
1953	6	0
1953	7	29
1953	8	0
1953	9	0
1953	10	0
1953	11	0
1953	12	0
1953	13	3
1953	14	15
1953	15	0
1953	16	49
1953	17	0
1953	18	0
1953	19	39
1953	20	37
1953	21	0
1953	22	0
1953	23	18
1953	24	90
1953	25	2
1953	26	3
1953	27	69
1953	28	146
1953	29	101
1953	30	64
1953	31	20
1953	32	146
1953	33	102
1953	34	35
1953	35	26
1953	36	4
1953	37	65
1953	38	85
1953	39	60
1953	40	8
1953	41	51
1953	42	69
1953	43	10
1953	44	56
1953	45	1
1953	46	4
1953	47	80
1953	48	0
1953	49	40
1953	50	23
1953	51	4
1953	52	93
1953	53	10
1953	54	20
1953	55	6
1953	56	22
1953	57	133
1953	58	36
1953	59	0
1953	60	11
1953	61	19
1954	1	0
1954	2	0
1954	3	0
1954	4	0
1954	5	70
1954	6	0
1954	7	0
1954	8	0
1954	9	0
1954	10	0
1954	11	0
1954	12	0
1954	13	13
1954	14	34
1954	15	0
1954	16	0
1954	17	33
1954	18	245
1954	19	0
1954	20	174
1954	21	22
1954	22	7
1954	23	3
1954	24	36
1954	25	2
1954	26	78
1954	27	74
1954	28	37
1954	29	8
1954	30	1
1954	31	78
1954	32	56
1954	33	31
1954	34	24
1954	35	43
1954	36	6
1954	37	61
1954	38	35
1954	39	2
1954	40	26
1954	41	46
1954	42	15
1954	43	6
1954	44	29
1954	45	1
1954	46	0
1954	47	54
1954	48	0
1954	49	23
1954	50	79
1954	51	7
1954	52	18
1954	53	19
1954	54	4
1954	55	24
1954	56	0
1954	57	24
1954	58	126
1954	59	0
1954	60	0
1954	61	0
1955	1	3
1955	2	0
1955	3	0
1955	4	0
1955	5	0
1955	6	16
1955	7	176
1955	8	58
1955	9	0
1955	10	0
1955	11	4
1955	12	0
1955	13	0
1955	14	8
1955	15	0
1955	16	5
1955	17	0
1955	18	119
1955	19	13
1955	20	18
1955	21	47
1955	22	38
1955	23	118
1955	24	27
1955	25	147
1955	26	177
1955	27	4
1955	28	165
1955	29	133
1955	30	72
1955	31	3
1955	32	18
1955	33	89
1955	34	2
1955	35	49
1955	36	31
1955	37	77
1955	38	63
1955	39	34
1955	40	106
1955	41	68
1955	42	11
1955	43	0
1955	44	12
1955	45	55
1955	46	124
1955	47	22
1955	48	16
1955	49	12
1955	50	3
1955	51	75
1955	52	35
1955	53	65
1955	54	38
1955	55	28
1955	56	16
1955	57	44
1955	58	1
1955	59	1
1955	60	0
1955	61	12
1956	1	22
1956	2	0
1956	3	13
1956	4	115
1956	5	0
1956	6	0
1956	7	19
1956	8	0
1956	9	0
1956	10	0
1956	11	107
1956	12	2
1956	13	0
1956	14	15
1956	15	0
1956	16	19
1956	17	118
1956	18	156
1956	19	85
1956	20	81
1956	21	0
1956	22	5
1956	23	149
1956	24	98
1956	25	116
1956	26	76
1956	27	105
1956	28	52
1956	29	71
1956	30	187
1956	31	122
1956	32	93
1956	33	42
1956	34	46
1956	35	49
1956	36	36
1956	37	9
1956	38	69
1956	39	30
1956	40	64
1956	41	59
1956	42	48
1956	43	76
1956	44	25
1956	45	56
1956	46	15
1956	47	6
1956	48	22
1956	49	76
1956	50	5
1956	51	42
1956	52	20
1956	53	8
1956	54	24
1956	55	9
1956	56	0
1956	57	10
1956	58	19
1956	59	22
1956	60	0
1956	61	13
1957	1	0
1957	2	0
1957	3	0
1957	4	0
1957	5	0
1957	6	0
1957	7	2
1957	8	0
1957	9	0
1957	10	0
1957	11	0
1957	12	19
1957	13	57
1957	14	0
1957	15	0
1957	16	1
1957	17	37
1957	18	5
1957	19	30
1957	20	10
1957	21	114
1957	22	0
1957	23	13
1957	24	56
1957	25	0
1957	26	1
1957	27	0
1957	28	0
1957	29	237
1957	30	5
1957	31	35
1957	32	118
1957	33	37
1957	34	162
1957	35	0
1957	36	86
1957	37	71
1957	38	10
1957	39	25
1957	40	10
1957	41	13
1957	42	65
1957	43	13
1957	44	63
1957	45	6
1957	46	24
1957	47	20
1957	48	19
1957	49	3
1957	50	133
1957	51	6
1957	52	43
1957	53	8
1957	54	71
1957	55	6
1957	56	5
1957	57	2
1957	58	1
1957	59	0
1957	60	21
1957	61	12
1958	1	0
1958	2	0
1958	3	0
1958	4	2
1958	5	20
1958	6	7
1958	7	0
1958	8	0
1958	9	17
1958	10	0
1958	11	0
1958	12	28
1958	13	0
1958	14	2
1958	15	73
1958	16	0
1958	17	3
1958	18	60
1958	19	0
1958	20	0
1958	21	33
1958	22	14
1958	23	133
1958	24	28
1958	25	158
1958	26	0
1958	27	13
1958	28	1
1958	29	2
1958	30	4
1958	31	4
1958	32	26
1958	33	120
1958	34	100
1958	35	42
1958	36	31
1958	37	84
1958	38	86
1958	39	29
1958	40	30
1958	41	8
1958	42	62
1958	43	134
1958	44	71
1958	45	21
1958	46	11
1958	47	66
1958	48	87
1958	49	52
1958	50	37
1958	51	0
1958	52	9
1958	53	10
1958	54	4
1958	55	3
1958	56	7
1958	57	0
1958	58	14
1958	59	6
1958	60	5
1958	61	0
1959	1	2
1959	2	0
1959	3	0
1959	4	0
1959	5	27
1959	6	0
1959	7	6
1959	8	76
1959	9	0
1959	10	1
1959	11	4
1959	12	2
1959	13	0
1959	14	0
1959	15	14
1959	16	87
1959	17	0
1959	18	19
1959	19	0
1959	20	2
1959	21	3
1959	22	0
1959	23	0
1959	24	12
1959	25	0
1959	26	3
1959	27	18
1959	28	7
1959	29	2
1959	30	6
1959	31	2
1959	32	0
1959	33	12
1959	34	22
1959	35	108
1959	36	75
1959	37	45
1959	38	69
1959	39	0
1959	40	1
1959	41	0
1959	42	0
1959	43	16
1959	44	77
1959	45	1
1959	46	42
1959	47	30
1959	48	0
1959	49	1
1959	50	12
1959	51	37
1959	52	5
1959	53	2
1959	54	0
1959	55	13
1959	56	71
1959	57	34
1959	58	24
1959	59	5
1959	60	60
1959	61	77
1960	1	0
1960	2	0
1960	3	38
1960	4	0
1960	5	0
1960	6	103
1960	7	1
1960	8	84
1960	9	0
1960	10	0
1960	11	43
1960	12	25
1960	13	0
1960	14	16
1960	15	0
1960	16	14
1960	17	6
1960	18	21
1960	19	60
1960	20	118
1960	21	67
1960	22	58
1960	23	190
1960	24	0
1960	25	97
1960	26	76
1960	27	35
1960	28	111
1960	29	1
1960	30	2
1960	31	20
1960	32	33
1960	33	24
1960	34	58
1960	35	3
1960	36	26
1960	37	15
1960	38	102
1960	39	3
1960	40	4
1960	41	15
1960	42	162
1960	43	99
1960	44	44
1960	45	55
1960	46	3
1960	47	29
1960	48	3
1960	49	44
1960	50	0
1960	51	9
1960	52	5
1960	53	347
1960	54	16
1960	55	11
1960	56	0
1960	57	0
1960	58	0
1960	59	4
1960	60	0
1960	61	7
1961	1	15
1961	2	7
1961	3	0
1961	4	0
1961	5	4
1961	6	0
1961	7	28
1961	8	0
1961	9	1
1961	10	2
1961	11	0
1961	12	0
1961	13	0
1961	14	21
1961	15	7
1961	16	83
1961	17	137
1961	18	174
1961	19	51
1961	20	35
1961	21	53
1961	22	18
1961	23	41
1961	24	0
1961	25	16
1961	26	33
1961	27	29
1961	28	12
1961	29	49
1961	30	133
1961	31	57
1961	32	80
1961	33	26
1961	34	1
1961	35	31
1961	36	21
1961	37	15
1961	38	10
1961	39	67
1961	40	14
1961	41	59
1961	42	13
1961	43	22
1961	44	34
1961	45	0
1961	46	2
1961	47	0
1961	48	20
1961	49	8
1961	50	5
1961	51	16
1961	52	6
1961	53	5
1961	54	11
1961	55	0
1961	56	3
1961	57	1
1961	58	6
1961	59	15
1961	60	0
1961	61	0
1962	1	0
1962	2	5
1962	3	42
1962	4	8
1962	5	1
1962	6	0
1962	7	0
1962	8	4
1962	9	84
1962	10	0
1962	11	4
1962	12	0
1962	13	13
1962	14	3
1962	15	72
1962	16	0
1962	17	0
1962	18	1
1962	19	0
1962	20	8
1962	21	62
1962	22	13
1962	23	64
1962	24	127
1962	25	106
1962	26	90
1962	27	47
1962	28	13
1962	29	25
1962	30	19
1962	31	42
1962	32	0
1962	33	0
1962	34	29
1962	35	73
1962	36	103
1962	37	26
1962	38	9
1962	39	42
1962	40	47
1962	41	19
1962	42	14
1962	43	8
1962	44	7
1962	45	1
1962	46	37
1962	47	75
1962	48	44
1962	49	94
1962	50	36
1962	51	1
1962	52	24
1962	53	4
1962	54	0
1962	55	25
1962	56	0
1962	57	19
1962	58	6
1962	59	0
1962	60	2
1962	61	198
1963	1	13
1963	2	4
1963	3	273
1963	4	1
1963	5	23
1963	6	1
1963	7	7
1963	8	2
1963	9	0
1963	10	0
1963	11	0
1963	12	0
1963	13	0
1963	14	0
1963	15	3
1963	16	0
1963	17	0
1963	18	0
1963	19	0
1963	20	181
1963	21	6
1963	22	0
1963	23	237
1963	24	39
1963	25	218
1963	26	125
1963	27	131
1963	28	80
1963	29	71
1963	30	1
1963	31	59
1963	32	78
1963	33	95
1963	34	52
1963	35	87
1963	36	61
1963	37	32
1963	38	49
1963	39	16
1963	40	141
1963	41	6
1963	42	33
1963	43	68
1963	44	19
1963	45	5
1963	46	18
1963	47	0
1963	48	0
1963	49	0
1963	50	10
1963	51	175
1963	52	11
1963	53	7
1963	54	0
1963	55	0
1963	56	6
1963	57	5
1963	58	1
1963	59	0
1963	60	1
1963	61	4
1964	1	0
1964	2	27
1964	3	7
1964	4	0
1964	5	0
1964	6	7
1964	7	22
1964	8	0
1964	9	0
1964	10	4
1964	11	3
1964	12	0
1964	13	0
1964	14	6
1964	15	0
1964	16	0
1964	17	88
1964	18	3
1964	19	129
1964	20	12
1964	21	95
1964	22	5
1964	23	6
1964	24	0
1964	25	92
1964	26	30
1964	27	0
1964	28	5
1964	29	71
1964	30	18
1964	31	79
1964	32	12
1964	33	180
1964	34	76
1964	35	60
1964	36	36
1964	37	35
1964	38	44
1964	39	4
1964	40	37
1964	41	29
1964	42	69
1964	43	24
1964	44	45
1964	45	17
1964	46	131
1964	47	93
1964	48	81
1964	49	2
1964	50	10
1964	51	13
1964	52	123
1964	53	0
1964	54	265
1964	55	16
1964	56	23
1964	57	1
1964	58	2
1964	59	2
1964	60	53
1964	61	0
1965	1	0
1965	2	0
1965	3	0
1965	4	6
1965	5	3
1965	6	0
1965	7	0
1965	8	0
1965	9	0
1965	10	0
1965	11	8
1965	12	23
1965	13	6
1965	14	0
1965	15	0
1965	16	24
1965	17	0
1965	18	38
1965	19	43
1965	20	0
1965	21	0
1965	22	71
1965	23	106
1965	24	51
1965	25	23
1965	26	65
1965	27	1
1965	28	0
1965	29	90
1965	30	1
1965	31	39
1965	32	0
1965	33	106
1965	34	21
1965	35	34
1965	36	19
1965	37	18
1965	38	76
1965	39	80
1965	40	23
1965	41	4
1965	42	59
1965	43	4
1965	44	41
1965	45	1
1965	46	11
1965	47	2
1965	48	13
1965	49	0
1965	50	0
1965	51	0
1965	52	11
1965	53	42
1965	54	0
1965	55	44
1965	56	5
1965	57	94
1965	58	13
1965	59	1
1965	60	11
1965	61	5
1966	1	0
1966	2	0
1966	3	9
1966	4	2
1966	5	3
1966	6	0
1966	7	0
1966	8	54
1966	9	0
1966	10	0
1966	11	0
1966	12	0
1966	13	52
1966	14	51
1966	15	0
1966	16	0
1966	17	2
1966	18	5
1966	19	13
1966	20	6
1966	21	138
1966	22	46
1966	23	0
1966	24	29
1966	25	6
1966	26	98
1966	27	0
1966	28	99
1966	29	76
1966	30	24
1966	31	53
1966	32	22
1966	33	54
1966	34	59
1966	35	167
1966	36	9
1966	37	11
1966	38	57
1966	39	27
1966	40	41
1966	41	19
1966	42	2
1966	43	32
1966	44	84
1966	45	60
1966	46	68
1966	47	30
1966	48	19
1966	49	6
1966	50	1
1966	51	70
1966	52	10
1966	53	36
1966	54	0
1966	55	0
1966	56	53
1966	57	200
1966	58	4
1966	59	28
1966	60	1
1966	61	13
1967	1	0
1967	2	0
1967	3	62
1967	4	0
1967	5	2
1967	6	0
1967	7	0
1967	8	11
1967	9	0
1967	10	132
1967	11	7
1967	12	0
1967	13	1
1967	14	3
1967	15	1
1967	16	25
1967	17	0
1967	18	13
1967	19	0
1967	20	2
1967	21	0
1967	22	24
1967	23	14
1967	24	29
1967	25	0
1967	26	57
1967	27	1
1967	28	2
1967	29	0
1967	30	0
1967	31	51
1967	32	4
1967	33	14
1967	34	78
1967	35	9
1967	36	65
1967	37	29
1967	38	88
1967	39	59
1967	40	31
1967	41	9
1967	42	29
1967	43	12
1967	44	40
1967	45	0
1967	46	16
1967	47	31
1967	48	12
1967	49	0
1967	50	0
1967	51	0
1967	52	0
1967	53	0
1967	54	3
1967	55	2
1967	56	0
1967	57	0
1967	58	19
1967	59	17
1967	60	0
1967	61	7
1968	1	7
1968	2	0
1968	3	18
1968	4	111
1968	5	0
1968	6	0
1968	7	0
1968	8	0
1968	9	154
1968	10	21
1968	11	3
1968	12	2
1968	13	42
1968	14	36
1968	15	101
1968	16	0
1968	17	0
1968	18	2
1968	19	73
1968	20	77
1968	21	172
1968	22	5
1968	23	4
1968	24	101
1968	25	161
1968	26	34
1968	27	94
1968	28	46
1968	29	76
1968	30	0
1968	31	59
1968	32	23
1968	33	11
1968	34	53
1968	35	36
1968	36	41
1968	37	82
1968	38	74
1968	39	62
1968	40	53
1968	41	14
1968	42	5
1968	43	6
1968	44	3
1968	45	36
1968	46	88
1968	47	146
1968	48	2
1968	49	15
1968	50	56
1968	51	0
1968	52	135
1968	53	6
1968	54	22
1968	55	32
1968	56	3
1968	57	45
1968	58	0
1968	59	0
1968	60	124
1968	61	0
1969	1	0
1969	2	0
1969	3	16
1969	4	0
1969	5	15
1969	6	0
1969	7	334
1969	8	1
1969	9	60
1969	10	0
1969	11	0
1969	12	6
1969	13	33
1969	14	15
1969	15	7
1969	16	1
1969	17	5
1969	18	66
1969	19	55
1969	20	0
1969	21	7
1969	22	10
1969	23	54
1969	24	86
1969	25	108
1969	26	108
1969	27	83
1969	28	0
1969	29	25
1969	30	49
1969	31	53
1969	32	47
1969	33	70
1969	34	101
1969	35	12
1969	36	67
1969	37	38
1969	38	15
1969	39	0
1969	40	27
1969	41	61
1969	42	77
1969	43	98
1969	44	7
1969	45	32
1969	46	0
1969	47	0
1969	48	0
1969	49	0
1969	50	0
1969	51	4
1969	52	73
1969	53	0
1969	54	4
1969	55	0
1969	56	81
1969	57	39
1969	58	5
1969	59	0
1969	60	13
1969	61	0
1970	1	84
1970	2	6
1970	3	23
1970	4	0
1970	5	0
1970	6	0
1970	7	0
1970	8	0
1970	9	1
1970	10	0
1970	11	5
1970	12	14
1970	13	0
1970	14	7
1970	15	8
1970	16	9
1970	17	24
1970	18	0
1970	19	122
1970	20	71
1970	21	70
1970	22	31
1970	23	65
1970	24	50
1970	25	30
1970	26	53
1970	27	43
1970	28	42
1970	29	40
1970	30	52
1970	31	58
1970	32	66
1970	33	30
1970	34	82
1970	35	7
1970	36	40
1970	37	20
1970	38	44
1970	39	26
1970	40	119
1970	41	41
1970	42	17
1970	43	11
1970	44	51
1970	45	74
1970	46	75
1970	47	7
1970	48	8
1970	49	8
1970	50	4
1970	51	4
1970	52	11
1970	53	9
1970	54	128
1970	55	2
1970	56	0
1970	57	99
1970	58	6
1970	59	1
1970	60	0
1970	61	3
1971	1	15
1971	2	0
1971	3	4
1971	4	0
1971	5	9
1971	6	2
1971	7	1
1971	8	0
1971	9	0
1971	10	0
1971	11	19
1971	12	17
1971	13	62
1971	14	3
1971	15	46
1971	16	0
1971	17	0
1971	18	158
1971	19	135
1971	20	310
1971	21	153
1971	22	43
1971	23	8
1971	24	32
1971	25	114
1971	26	79
1971	27	53
1971	28	23
1971	29	43
1971	30	54
1971	31	2
1971	32	1
1971	33	25
1971	34	51
1971	35	35
1971	36	67
1971	37	25
1971	38	195
1971	39	3
1971	40	52
1971	41	63
1971	42	86
1971	43	35
1971	44	11
1971	45	105
1971	46	43
1971	47	10
1971	48	19
1971	49	30
1971	50	25
1971	51	33
1971	52	134
1971	53	5
1971	54	64
1971	55	26
1971	56	0
1971	57	5
1971	58	66
1971	59	0
1971	60	18
1971	61	9
1972	1	13
1972	2	152
1972	3	0
1972	4	4
1972	5	0
1972	6	0
1972	7	0
1972	8	135
1972	9	51
1972	10	0
1972	11	0
1972	12	0
1972	13	5
1972	14	0
1972	15	0
1972	16	0
1972	17	52
1972	18	0
1972	19	62
1972	20	105
1972	21	0
1972	22	0
1972	23	43
1972	24	14
1972	25	0
1972	26	4
1972	27	0
1972	28	0
1972	29	0
1972	30	41
1972	31	90
1972	32	107
1972	33	94
1972	34	46
1972	35	10
1972	36	33
1972	37	32
1972	38	94
1972	39	30
1972	40	0
1972	41	50
1972	42	106
1972	43	39
1972	44	5
1972	45	3
1972	46	0
1972	47	15
1972	48	41
1972	49	30
1972	50	0
1972	51	6
1972	52	20
1972	53	46
1972	54	0
1972	55	0
1972	56	0
1972	57	4
1972	58	0
1972	59	4
1972	60	0
1972	61	170
1973	1	0
1973	2	0
1973	3	17
1973	4	0
1973	5	2
1973	6	83
1973	7	198
1973	8	0
1973	9	4
1973	10	1
1973	11	0
1973	12	6
1973	13	114
1973	14	13
1973	15	9
1973	16	4
1973	17	0
1973	18	37
1973	19	169
1973	20	24
1973	21	48
1973	22	44
1973	23	65
1973	24	15
1973	25	75
1973	26	69
1973	27	87
1973	28	121
1973	29	20
1973	30	22
1973	31	0
1973	32	0
1973	33	237
1973	34	47
1973	35	89
1973	36	12
1973	37	125
1973	38	22
1973	39	23
1973	40	24
1973	41	66
1973	42	43
1973	43	51
1973	44	13
1973	45	68
1973	46	2
1973	47	0
1973	48	52
1973	49	248
1973	50	3
1973	51	21
1973	52	2
1973	53	72
1973	54	0
1973	55	0
1973	56	35
1973	57	37
1973	58	0
1973	59	48
1973	60	14
1973	61	61
1974	1	0
1974	2	0
1974	3	27
1974	4	0
1974	5	76
1974	6	339
1974	7	0
1974	8	0
1974	9	35
1974	10	0
1974	11	0
1974	12	0
1974	13	1
1974	14	5
1974	15	22
1974	16	17
1974	17	120
1974	18	4
1974	19	25
1974	20	48
1974	21	24
1974	22	109
1974	23	94
1974	24	41
1974	25	8
1974	26	14
1974	27	17
1974	28	0
1974	29	42
1974	30	23
1974	31	75
1974	32	179
1974	33	49
1974	34	72
1974	35	38
1974	36	72
1974	37	17
1974	38	57
1974	39	22
1974	40	29
1974	41	50
1974	42	18
1974	43	31
1974	44	74
1974	45	69
1974	46	62
1974	47	138
1974	48	7
1974	49	154
1974	50	120
1974	51	24
1974	52	1
1974	53	14
1974	54	0
1974	55	0
1974	56	0
1974	57	0
1974	58	11
1974	59	8
1974	60	9
1974	61	28
1975	1	6
1975	2	29
1975	3	6
1975	4	0
1975	5	68
1975	6	0
1975	7	0
1975	8	2
1975	9	23
1975	10	5
1975	11	18
1975	12	0
1975	13	50
1975	14	163
1975	15	64
1975	16	72
1975	17	26
1975	18	0
1975	19	0
1975	20	3
1975	21	8
1975	22	142
1975	23	108
1975	24	3
1975	25	90
1975	26	43
1975	27	2
1975	28	5
1975	29	0
1975	30	21
1975	31	2
1975	32	57
1975	33	117
1975	34	51
1975	35	3
1975	36	157
1975	37	43
1975	38	20
1975	39	14
1975	40	40
1975	41	0
1975	42	23
1975	43	18
1975	44	73
1975	45	25
1975	46	64
1975	47	114
1975	48	38
1975	49	31
1975	50	72
1975	51	54
1975	52	38
1975	53	9
1975	54	1
1975	55	17
1975	56	0
1975	57	13
1975	58	6
1975	59	2
1975	60	0
1975	61	1
1976	1	0
1976	2	50
1976	3	0
1976	4	5
1976	5	1
1976	6	0
1976	7	7
1976	8	0
1976	9	41
1976	10	204
1976	11	2
1976	12	0
1976	13	0
1976	14	2
1976	15	1
1976	16	6
1976	17	0
1976	18	66
1976	19	0
1976	20	29
1976	21	0
1976	22	0
1976	23	20
1976	24	36
1976	25	38
1976	26	65
1976	27	41
1976	28	34
1976	29	2
1976	30	28
1976	31	69
1976	32	16
1976	33	3
1976	34	0
1976	35	0
1976	36	47
1976	37	12
1976	38	42
1976	39	8
1976	40	79
1976	41	1
1976	42	2
1976	43	35
1976	44	14
1976	45	12
1976	46	39
1976	47	129
1976	48	8
1976	49	21
1976	50	16
1976	51	0
1976	52	66
1976	53	2
1976	54	6
1976	55	8
1976	56	17
1976	57	19
1976	58	6
1976	59	31
1976	60	58
1976	61	0
1977	1	6
1977	2	0
1977	3	195
1977	4	14
1977	5	6
1977	6	0
1977	7	0
1977	8	13
1977	9	28
1977	10	0
1977	11	0
1977	12	0
1977	13	21
1977	14	9
1977	15	92
1977	16	8
1977	17	72
1977	18	8
1977	19	13
1977	20	0
1977	21	0
1977	22	63
1977	23	2
1977	24	35
1977	25	24
1977	26	80
1977	27	6
1977	28	36
1977	29	51
1977	30	31
1977	31	30
1977	32	1
1977	33	2
1977	34	2
1977	35	75
1977	36	38
1977	37	15
1977	38	17
1977	39	9
1977	40	6
1977	41	43
1977	42	35
1977	43	119
1977	44	0
1977	45	0
1977	46	61
1977	47	15
1977	48	53
1977	49	49
1977	50	6
1977	51	31
1977	52	0
1977	53	46
1977	54	0
1977	55	1
1977	56	47
1977	57	36
1977	58	0
1977	59	4
1977	60	9
1977	61	8
