Day	Temp06	Temp15
19770101	220	298
19770102	230	285
19770103	233	234
19770104	207	255
19770105	203	233
19770106	184	260
19770107	181	274
19770108	190	283
19770109	190	286
19770110	210	266
19770111	180	282
19770112	218	280
19770113	210	264
19770114	214	291
19770115	230	291
19770116	250	289
19770117	234	280
19770118	230	374
19770119	220	260
19770120	190	275
19770121	210	290
19770122	230	304
19770123	240	301
19770124	230	286
19770125	230	282
19770126	200	285
19770127	200	278
19770128	210	274
19770129	200	281
19770130	200	287
19770131	220	299
19770201	230	296
19770202	250	284
19770203	250	291
19770204	230	275
19770205	220	286
19770206	210	290
19770207	230	282
19770208	220	286
19770209	210	287
19770210	210	290
19770211	220	287
19770212	220	280
19770213	230	280
19770214	210	285
19770215	230	283
19770216	220	283
19770217	210	294
19770218	210	285
19770219	200	278
19770220	220	240
19770221	210	234
19770222	220	251
19770223	230	332
19770224	210	297
19770225	230	295
19770226	250	282
19770227	220	280
19770228	220	287
19770301	230	281
19770302	221	230
19770303	202	281
19770304	240	256
19770305	240	286
19770306	230	283
19770307	220	287
19770308	220	230
19770309	230	256
19770310	220	219
19770311	220	231
19770312	220	265
19770313	230	293
19770314	220	282
19770315	210	275
19770316	200	293
19770317	200	274
19770318	200	269
19770319	190	277
19770320	200	255
19770321	210	273
19770322	190	271
19770323	190	274
19770324	190	281
19770325	190	282
19770326	190	279
19770327	200	280
19770328	190	288
19770329	200	284
19770330	220	291
19770331	220	286
19770401	230	300
19770402	230	290
19770403	220	275
19770404	223	284
19770405	220	268
19770406	221	274
19770407	211	274
19770408	220	263
19770409	140	238
19770410	163	245
19770411	151	247
19770412	180	257
19770413	175	253
19770414	190	240
19770415	170	207
19770416	161	241
19770417	180	248
19770418	166	246
19770419	170	249
19770420	177	244
19770421	180	245
19770422	170	236
19770423	163	240
19770424	155	240
19770425	155	249
19770426	156	215
19770427	163	244
19770428	160	246
19770429	145	251
19770430	170	235
19770501	95	243
19770502	140	237
19770503	160	220
19770504	160	235
19770505	144	220
19770506	171	223
19770507	150	263
19770508	140	255
19770509	150	251
19770510	160	244
19770511	156	214
19770512	133	240
19770513	170	244
19770514	200	234
19770515	190	220
19770516	190	215
19770517	174	224
19770518	173	254
19770519	190	241
19770520	130	233
19770521	117	240
19770522	90	220
19770523	110	211
19770524	70	247
19770525	142	217
19770526	70	217
19770527	120	225
19770528	200	175
19770529	100	197
19770530	130	212
19770531	140	196
19770601	50	155
19770602	70	175
19770603	70	191
19770604	100	214
19770605	120	203
19770606	120	187
19770607	110	202
19770608	120	190
19770609	100	200
19770610	90	150
19770611	120	215
19770612	70	205
19770613	80	207
19770614	110	220
19770615	130	220
19770616	120	218
19770617	110	251
19770618	110	223
19770619	150	190
19770620	110	220
19770621	140	209
19770622	140	205
19770623	133	190
19770624	160	192
19770625	150	207
19770626	90	173
19770627	70	179
19770628	120	192
19770629	90	189
19770630	120	179
19770701	90	173
19770702	70	191
19770703	112	196
19770704	110	205
19770705	120	181
19770706	130	188
19770707	134	182
19770708	121	203
19770709	140	190
19770710	130	209
19770711	120	205
19770712	101	210
19770713	90	215
19770714	100	222
19770715	110	188
19770716	80	200
19770717	80	201
19770718	90	200
19770719	90	200
19770720	90	198
19770721	90	221
19770722	80	210
19770723	73	210
19770724	110	200
19770725	40	190
19770726	30	205
19770727	70	204
19770728	110	200
19770729	36	188
19770730	40	196
19770731	60	190
19770801	50	206
19770802	41	205
19770803	60	206
19770804	69	215
19770805	80	218
19770806	105	208
19770807	100	246
19770808	60	230
19770809	102	202
19770810	95	217
19770811	100	210
19770812	144	195
19770813	150	211
19770814	75	195
19770815	78	207
19770816	93	215
19770817	120	189
19770818	109	210
19770819	110	214
19770820	112	213
19770821	82	230
19770822	100	231
19770823	114	210
19770824	114	206
19770825	121	215
19770826	115	216
19770827	110	226
19770828	113	223
19770829	134	232
19770830	130	227
19770831	98	232
19770901	100	224
19770902	110	249
19770903	120	253
19770904	84	244
19770905	110	201
19770906	140	186
19770907	156	221
19770908	130	220
19770909	120	226
19770910	80	258
19770911	60	237
19770912	51	229
19770913	180	260
19770914	90	230
19770915	80	200
19770916	105	208
19770917	130	210
19770918	110	216
19770919	110	247
19770920	130	206
19770921	160	215
19770922	140	228
19770923	120	240
19770924	150	228
19770925	170	195
19770926	160	200
19770927	170	233
19770928	140	234
19770929	160	250
19770930	121	265
19771001	160	271
19771002	210	250
19771003	170	250
19771004	170	260
19771005	210	271
19771006	190	271
19771007	170	229
19771008	160	235
19771009	140	237
19771010	160	237
19771011	140	246
19771012	150	240
19771013	150	242
19771014	152	240
19771015	120	254
19771016	141	255
19771017	160	230
19771018	180	260
19771019	180	228
19771020	150	241
19771021	170	248
19771022	170	250
19771023	170	236
19771024	180	232
19771025	190	234
19771026	170	220
19771027	160	241
19771028	160	246
19771029	160	250
19771030	180	264
19771031	200	264
19771101	210	261
19771102	200	280
19771103	240	276
19771104	201	266
19771105	220	262
19771106	210	250
19771107	210	268
19771108	200	267
19771109	210	264
19771110	200	270
19771111	210	281
19771112	210	270
19771113	230	269
19771114	220	263
19771115	220	228
19771116	190	242
19771117	200	244
19771118	200	237
19771119	210	253
19771120	220	265
19771121	230	260
19771122	200	263
19771123	190	266
19771124	200	270
19771125	220	270
19771126	200	256
19771127	180	262
19771128	180	250
19771129	190	251
19771130	200	266
19771201	210	266
19771202	220	252
19771203	210	295
19771204	220	308
19771205	220	275
19771206	220	274
19771207	220	276
19771208	220	270
19771209	210	277
19771210	200	274
19771211	190	285
19771212	210	235
19771213	200	264
19771214	200	266
19771215	200	271
19771216	210	293
19771217	200	302
19771218	240	285
19771219	220	263
19771220	211	250
19771221	210	260
19771222	194	263
19771223	200	279
19771224	200	260
19771225	210	267
19771226	190	272
19771227	210	275
19771228	200	278
19771229	174	255
19771230	182	264
19771231	190	263
19780101	180	265
19780102	190	270
19780103	220	275
19780104	220	281
19780105	220	288
19780106	220	277
19780107	220	310
19780108	250	305
19780109	230	286
19780110	230	284
19780111	230	292
19780112	234	242
19780113	220	286
19780114	230	286
19780115	225	281
19780116	240	256
19780117	222	284
19780118	240	285
19780119	221	300
19780120	240	256
19780121	220	252
19780122	220	290
19780123	230	285
19780124	220	291
19780125	240	295
19780126	230	285
19780127	230	280
19780128	240	285
19780129	230	254
19780130	230	253
19780131	250	234
19780201	220	225
19780202	220	232
19780203	220	279
19780204	210	256
19780205	210	272
19780206	220	340
19780207	230	326
19780208	220	325
19780209	260	309
19780210	250	302
19780211	250	298
19780212	230	311
19780213	230	305
19780214	220	295
19780215	230	285
19780216	210	285
19780217	210	288
19780218	220	283
19780219	210	283
19780220	215	295
19780221	210	300
19780222	210	295
19780223	230	265
19780224	220	276
19780225	220	282
19780226	210	275
19780227	220	284
19780228	210	274
19780301	220	250
19780302	206	261
19780303	200	284
19780304	200	276
19780305	200	269
19780306	181	265
19780307	182	276
19780308	190	245
19780309	200	272
19780310	212	283
19780311	210	245
19780312	200	273
19780313	200	286
19780314	200	285
19780315	210	242
19780316	200	211
19780317	200	215
19780318	191	263
19780319	220	264
19780320	210	284
19780321	230	284
19780322	240	271
19780323	210	245
19780324	207	284
19780325	200	262
19780326	210	294
19780327	200	268
19780328	210	280
19780329	220	279
19780330	220	278
19780331	210	268
19780401	212	208
19780402	200	190
19780403	170	250
19780404	150	253
19780405	183	260
19780406	180	231
19780407	170	260
19780408	180	273
19780409	210	245
19780410	210	270
19780411	204	280
19780412	213	284
19780413	210	275
19780414	190	247
19780415	190	252
19780416	170	257
19780417	150	267
19780418	170	266
19780419	173	262
19780420	161	265
19780421	170	259
19780422	170	271
19780423	170	311
19780424	190	255
19780425	185	264
19780426	191	301
19780427	160	220
19780428	120	230
19780429	140	244
19780430	154	248
19780501	150	248
19780502	161	239
19780503	170	200
19780504	170	244
19780505	170	245
19780506	160	234
19780507	170	235
19780508	160	226
19780509	170	237
19780510	180	252
19780511	180	191
19780512	130	165
19780513	60	200
19780514	90	224
19780515	102	226
19780516	145	220
19780517	150	200
19780518	162	172
19780519	160	185
19780520	120	203
19780521	150	196
19780522	144	239
19780523	130	212
19780524	136	196
19780525	121	230
19780526	104	225
19780527	140	200
19780528	142	223
19780529	140	227
19780530	145	230
19780531	164	225
19780601	173	190
19780602	160	206
19780603	110	183
19780604	84	188
19780605	106	198
19780606	140	230
19780607	110	213
19780608	93	197
19780609	90	208
19780610	50	203
19780611	130	182
19780612	124	190
19780613	132	138
19780614	120	156
19780615	80	145
19780616	120	178
19780617	104	204
19780618	120	196
19780619	100	180
19780620	124	212
19780621	116	194
19780622	90	192
19780623	60	195
19780624	70	197
19780625	100	224
19780626	101	193
19780627	130	168
19780628	110	193
19780629	140	183
19780630	120	210
19780701	100	203
19780702	120	191
19780703	130	176
19780704	110	172
19780705	60	175
19780706	120	186
19780707	117	155
19780708	60	169
19780709	120	166
19780710	140	164
19780711	110	145
19780712	61	167
19780713	50	172
19780714	61	170
19780715	100	192
19780716	104	202
19780717	120	210
19780718	70	223
19780719	90	237
19780720	80	214
19780721	110	229
19780722	70	250
19780723	130	271
19780724	120	215
19780725	91	200
19780726	71	193
19780727	120	202
19780728	100	184
19780729	60	193
19780730	83	208
19780731	100	206
19780801	110	210
19780802	110	202
19780803	140	204
19780804	140	203
19780805	140	204
19780806	160	212
19780807	160	208
19780808	170	210
19780809	125	123
19780810	85	169
19780811	107	186
19780812	130	202
19780813	110	172
19780814	50	176
19780815	90	208
19780816	70	203
19780817	50	188
19780818	80	154
19780819	110	130
19780820	110	213
19780821	110	211
19780822	90	223
19780823	130	151
19780824	95	198
19780825	90	195
19780826	80	223
19780827	80	201
19780828	130	186
19780829	140	154
19780830	122	201
19780831	140	160
19780901	130	211
19780902	130	202
19780903	120	209
19780904	154	195
19780905	160	217
19780906	160	199
19780907	170	178
19780908	140	190
19780909	110	205
19780910	121	225
19780911	130	222
19780912	110	219
19780913	150	246
19780914	120	180
19780915	60	184
19780916	90	204
19780917	110	216
19780918	100	228
19780919	120	250
19780920	100	210
19780921	130	207
19780922	130	225
19780923	180	255
19780924	140	220
19780925	170	206
19780926	140	217
19780927	170	217
19780928	180	235
19780929	200	246
19780930	160	197
19781001	150	221
19781002	150	215
19781003	140	229
19781004	140	252
19781005	160	236
19781006	160	220
19781007	140	221
19781008	140	203
19781009	160	212
19781010	150	200
19781011	140	223
19781012	150	226
19781013	160	240
19781014	160	233
19781015	180	194
19781016	190	239
19781017	210	236
19781018	200	275
19781019	150	215
19781020	150	216
19781021	180	218
19781022	180	212
19781023	170	239
19781024	170	232
19781025	170	230
19781026	170	234
19781027	190	227
19781028	170	238
19781029	190	239
19781030	210	236
19781031	190	248
19781101	200	206
19781102	185	214
19781103	200	227
19781104	170	195
19781105	190	220
19781106	190	250
19781107	200	230
19781108	190	260
19781109	220	286
19781110	230	236
19781111	230	262
19781112	210	225
19781113	180	236
19781114	180	241
19781115	190	240
19781116	180	242
19781117	180	236
19781118	180	245
19781119	210	243
19781120	200	250
19781121	190	250
19781122	190	276
19781123	200	270
19781124	220	264
19781125	210	263
19781126	200	256
19781127	230	264
19781128	210	263
19781129	210	266
19781130	230	274
19781201	220	250
19781202	210	265
19781203	240	272
19781204	250	220
19781205	230	294
19781206	180	274
19781207	200	277
19781208	210	271
19781209	200	259
19781210	210	253
19781211	200	273
19781212	200	278
19781213	221	270
19781214	210	222
19781215	210	266
19781216	220	258
19781217	230	258
19781218	190	275
19781219	220	282
19781220	200	280
19781221	220	244
19781222	230	270
19781223	226	248
19781224	200	275
19781225	230	272
19781226	240	273
19781227	214	269
19781228	210	271
19781229	230	290
19781230	220	250
19781231	200	254
19790101	210	263
19790102	200	277
19790103	210	280
19790104	220	275
19790105	210	280
19790106	220	273
19790107	220	276
19790108	230	285
19790109	230	299
19790110	240	282
19790111	230	285
19790112	240	285
19790113	220	295
19790114	240	280
19790115	220	297
19790116	240	297
19790117	260	310
19790118	260	274
19790119	220	246
19790120	212	291
19790121	220	319
19790122	250	244
19790123	220	220
19790124	230	270
19790125	230	275
19790126	220	282
19790127	230	286
19790128	210	239
19790129	230	225
19790130	200	274
19790131	220	277
19790201	220	259
19790202	220	271
19790203	210	240
19790204	200	268
19790205	230	272
19790206	220	249
19790207	220	255
19790208	230	234
19790209	210	210
19790210	210	280
19790211	210	275
19790212	210	284
19790213	210	285
19790214	210	290
19790215	220	304
19790216	250	303
19790217	250	235
19790218	210	266
19790219	200	263
19790220	230	266
19790221	230	267
19790222	210	272
19790223	200	266
19790224	210	260
19790225	210	277
19790226	210	271
19790227	200	273
19790228	200	292
19790301	230	273
19790302	220	263
19790303	210	279
19790304	230	252
19790305	200	217
19790306	230	282
19790307	210	266
19790308	240	259
19790309	210	267
19790310	220	272
19790311	210	262
19790312	210	284
19790313	210	283
19790314	190	266
19790315	190	264
19790316	200	213
19790317	200	261
19790318	170	293
19790319	220	267
19790320	200	271
19790321	190	278
19790322	200	303
19790323	220	290
19790324	213	326
19790325	210	251
19790326	180	254
19790327	190	261
19790328	180	273
19790329	210	246
19790330	190	232
19790331	190	237
19790401	180	260
19790402	180	264
19790403	200	275
19790404	190	277
19790405	190	273
19790406	190	278
19790407	210	260
19790408	210	278
19790409	200	254
19790410	210	240
19790411	170	236
19790412	170	241
19790413	160	233
19790414	180	237
19790415	190	233
19790416	173	212
19790417	170	236
19790418	190	244
19790419	170	242
19790420	140	261
19790421	150	271
19790422	170	267
19790423	170	271
19790424	180	262
19790425	220	270
19790426	190	261
19790427	190	272
19790428	200	233
19790429	170	245
19790430	180	252
19790501	170	252
19790502	170	252
19790503	170	239
19790504	178	243
19790505	186	241
19790506	200	211
19790507	180	235
19790508	130	226
19790509	150	228
19790510	120	217
19790511	124	202
19790512	110	202
19790513	100	196
19790514	160	161
19790515	140	195
19790516	125	203
19790517	130	210
19790518	120	211
19790519	140	215
19790520	130	220
19790521	145	206
19790522	122	213
19790523	130	215
19790524	130	224
19790525	130	234
19790526	135	229
19790527	134	244
19790528	170	224
19790529	120	222
19790530	150	230
19790531	130	222
19790601	110	218
19790602	130	203
19790603	140	220
19790604	130	217
19790605	121	196
19790606	150	205
19790607	155	225
19790608	140	218
19790609	126	224
19790610	120	223
19790611	125	222
19790612	130	215
19790613	136	189
19790614	110	227
19790615	107	217
19790616	87	218
19790617	120	214
19790618	140	216
19790619	170	207
19790620	170	187
19790621	180	166
19790622	136	201
19790623	142	225
19790624	160	224
19790625	150	214
19790626	160	212
19790627	164	195
19790628	132	219
19790629	140	207
19790630	100	201
19790701	49	195
19790702	60	221
19790703	104	231
19790704	110	201
19790705	90	191
19790706	87	151
19790707	103	192
19790708	113	200
19790709	110	221
19790710	90	213
19790711	100	206
19790712	80	226
19790713	79	228
19790714	90	213
19790715	130	182
19790716	120	192
19790717	114	158
19790718	105	192
19790719	135	197
19790720	120	202
19790721	120	203
19790722	130	215
19790723	125	230
19790724	105	202
19790725	110	163
19790726	120	206
19790727	80	182
19790728	87	177
19790729	116	103
19790730	130	175
19790731	134	206
19790801	80	210
19790802	100	208
19790803	101	188
19790804	80	195
19790805	90	195
19790806	110	192
19790807	134	222
19790808	145	238
19790809	125	247
19790810	46	209
19790811	80	203
19790812	120	205
19790813	105	180
19790814	94	181
19790815	70	184
19790816	100	207
19790817	105	223
19790818	115	219
19790819	155	230
19790820	140	268
19790821	110	244
19790822	150	205
19790823	150	205
19790824	130	200
19790825	110	193
19790826	110	211
19790827	110	210
19790828	160	225
19790829	100	210
19790830	123	233
19790831	160	237
19790901	130	190
19790902	90	209
19790903	115	210
19790904	120	219
19790905	140	242
19790906	160	256
19790907	130	250
19790908	129	237
19790909	125	240
19790910	160	237
19790911	140	232
19790912	160	241
19790913	80	248
19790914	130	218
19790915	130	208
19790916	120	217
19790917	110	225
19790918	110	234
19790919	178	219
19790920	140	269
19790921	140	209
19790922	120	218
19790923	140	234
19790924	154	226
19790925	150	219
19790926	150	206
19790927	150	216
19790928	130	228
19790929	110	234
19790930	180	199
19791001	140	216
19791002	140	207
19791003	120	230
19791004	140	162
19791005	150	220
19791006	170	264
19791007	160	255
19791008	200	300
19791009	150	243
19791010	170	242
19791011	160	249
19791012	191	313
19791013	217	291
19791014	152	217
19791015	150	237
19791016	180	229
19791017	180	232
19791018	170	245
19791019	180	243
19791020	200	210
19791021	180	233
19791022	170	236
19791023	180	240
19791024	160	247
19791025	180	231
19791026	170	226
19791027	170	250
19791028	170	235
19791029	180	237
19791030	160	234
19791031	160	221
19791101	150	243
19791102	180	238
19791103	190	240
19791104	170	237
19791105	160	249
19791106	170	248
19791107	190	257
19791108	200	255
19791109	180	189
19791110	180	232
19791111	190	264
19791112	200	246
19791113	189	284
19791114	220	257
19791115	240	272
19791116	230	285
19791117	200	278
19791118	220	252
19791119	220	279
19791120	210	278
19791121	210	283
19791122	210	270
19791123	220	260
19791124	240	275
19791125	220	290
19791126	240	260
19791127	210	260
19791128	220	278
19791129	220	242
19791130	230	290
19791201	230	290
19791202	210	317
19791203	240	291
19791204	233	288
19791205	220	294
19791206	230	303
19791207	230	268
19791208	234	300
19791209	225	297
19791210	240	300
19791211	220	370
19791212	236	273
19791213	240	306
19791214	245	276
19791215	250	298
19791216	220	300
19791217	260	327
19791218	230	287
19791219	226	284
19791220	240	292
19791221	220	295
19791222	220	301
19791223	230	305
19791224	210	298
19791225	230	286
19791226	220	295
19791227	230	277
19791228	230	265
19791229	200	265
19791230	200	270
19791231	190	277
19800101	210	282
19800102	220	284
19800103	220	292
19800104	211	283
19800105	230	280
19800106	210	227
19800107	210	223
19800108	210	281
19800109	200	268
19800110	200	288
19800111	240	277
19800112	230	292
19800113	210	317
19800114	223	343
19800115	210	290
19800116	220	285
19800117	223	267
19800118	196	284
19800119	230	325
19800120	251	231
19800121	240	286
19800122	231	294
19800123	244	301
19800124	240	303
19800125	250	294
19800126	230	327
19800127	230	309
19800128	220	289
19800129	234	298
19800130	250	282
19800131	250	303
19800201	240	296
19800202	240	289
19800203	234	300
19800204	254	272
19800205	233	272
19800206	230	303
19800207	239	253
19800208	220	282
19800209	202	284
19800210	220	216
19800211	210	246
19800212	210	272
19800213	220	263
19800214	210	251
19800215	200	276
19800216	210	285
19800217	222	255
19800218	220	261
19800219	220	280
19800220	230	284
19800221	204	288
19800222	184	302
19800223	230	290
19800224	230	285
19800225	250	257
19800226	226	246
19800227	210	260
19800228	215	299
19800229	210	269
19800301	200	274
19800302	186	277
19800303	190	283
19800304	187	292
19800305	210	279
19800306	231	283
19800307	210	266
19800308	202	268
19800309	210	292
19800310	230	218
19800311	190	223
19800312	180	212
19800313	184	262
19800314	170	280
19800315	180	281
19800316	180	281
19800317	192	285
19800318	195	276
19800319	191	279
19800320	190	274
19800321	210	281
19800322	190	284
19800323	190	281
19800324	180	278
19800325	173	228
19800326	220	286
19800327	192	293
19800328	203	290
19800329	192	301
19800330	210	298
19800331	162	292
19800401	200	265
19800402	190	267
19800403	190	273
19800404	190	292
19800405	203	279
19800406	190	273
19800407	180	278
19800408	172	258
19800409	172	256
19800410	172	248
19800411	170	255
19800412	170	248
19800413	173	238
19800414	172	246
19800415	190	245
19800416	180	216
19800417	171	257
19800418	170	230
19800419	180	233
19800420	170	240
19800421	152	253
19800422	170	263
19800423	180	261
19800424	190	260
19800425	170	268
19800426	170	262
19800427	182	260
19800428	180	236
19800429	161	240
19800430	160	246
19800501	170	239
19800502	160	226
19800503	166	226
19800504	170	240
19800505	170	205
19800506	170	174
19800507	200	205
19800508	200	197
19800509	200	242
19800510	200	257
19800511	190	259
19800512	200	286
19800513	160	257
19800514	180	230
19800515	170	214
19800516	160	236
19800517	160	244
19800518	150	220
19800519	150	230
19800520	140	229
19800521	150	211
19800522	140	191
19800523	140	171
19800524	140	235
19800525	144	228
19800526	180	200
19800527	170	198
19800528	171	225
19800529	160	205
19800530	120	221
19800531	130	227
19800601	130	250
19800602	150	231
19800603	120	210
19800604	80	201
19800605	110	195
19800606	90	212
19800607	100	215
19800608	110	217
19800609	120	222
19800610	150	236
19800611	110	194
19800612	80	196
19800613	83	191
19800614	82	210
19800615	120	208
19800616	150	196
19800617	150	242
19800618	97	192
19800619	90	209
19800620	140	203
19800621	130	211
19800622	140	208
19800623	140	197
19800624	122	209
19800625	131	185
19800626	143	206
19800627	130	213
19800628	180	209
19800629	130	195
19800630	120	196
19800701	60	190
19800702	110	185
19800703	150	200
19800704	120	206
19800705	101	190
19800706	70	187
19800707	60	172
19800708	30	190
19800709	120	189
19800710	80	187
19800711	90	194
19800712	100	212
19800713	90	203
19800714	100	197
19800715	110	189
19800716	140	214
19800717	100	214
19800718	97	212
19800719	90	203
19800720	71	209
19800721	50	203
19800722	80	188
19800723	76	198
19800724	100	193
19800725	100	186
19800726	130	179
19800727	121	198
19800728	142	224
19800729	140	215
19800730	160	175
19800731	130	132
19800801	110	186
19800802	70	195
19800803	50	206
19800804	90	207
19800805	110	200
19800806	120	187
19800807	132	212
19800808	120	236
19800809	120	224
19800810	130	211
19800811	120	206
19800812	111	242
19800813	100	235
19800814	150	220
19800815	162	272
19800816	110	191
19800817	120	190
19800818	130	202
19800819	140	207
19800820	140	204
19800821	150	226
19800822	132	217
19800823	151	230
19800824	130	215
19800825	140	220
19800826	150	191
19800827	92	196
19800828	110	217
19800829	100	217
19800830	90	230
19800831	81	272
19800901	130	262
19800902	120	240
19800903	120	259
19800904	120	218
19800905	110	278
19800906	130	225
19800907	112	235
19800908	130	276
19800909	190	333
19800910	120	257
19800911	112	230
19800912	110	271
19800913	140	235
19800914	150	234
19800915	150	250
19800916	160	242
19800917	160	246
19800918	190	267
19800919	100	220
19800920	113	245
19800921	132	284
19800922	90	255
19800923	142	249
19800924	141	240
19800925	130	242
19800926	130	244
19800927	160	238
19800928	140	239
19800929	150	235
19800930	140	237
19801001	134	244
19801002	132	247
19801003	134	249
19801004	170	250
19801005	190	225
19801006	180	240
19801007	140	266
19801008	180	252
19801009	200	214
19801010	200	256
19801011	190	228
19801012	180	250
19801013	200	276
19801014	191	189
19801015	150	241
19801016	160	237
19801017	160	236
19801018	180	180
19801019	160	257
19801020	190	251
19801021	218	285
19801022	190	270
19801023	190	246
19801024	200	237
19801025	200	215
19801026	190	228
19801027	190	257
19801028	190	278
19801029	190	240
19801030	180	287
19801031	150	273
19801101	150	283
19801102	150	290
19801103	190	338
19801104	180	230
19801105	200	250
19801106	230	275
19801107	240	290
19801108	190	252
19801109	200	235
19801110	180	225
19801111	180	238
19801112	170	250
19801113	190	255
19801114	200	265
19801115	200	271
19801116	230	271
19801117	210	271
19801118	210	269
19801119	200	277
19801120	210	267
19801121	210	277
19801122	210	272
19801123	210	240
19801124	180	260
19801125	200	246
19801126	200	253
19801127	210	280
19801128	210	299
19801129	220	284
19801130	230	283
19801201	230	252
19801202	210	248
19801203	230	252
19801204	222	256
19801205	230	245
19801206	201	220
19801207	190	256
19801208	200	254
19801209	200	255
19801210	200	252
19801211	190	266
19801212	200	271
19801213	210	275
19801214	210	220
19801215	210	276
19801216	220	274
19801217	210	299
19801218	180	302
19801219	200	283
19801220	210	293
19801221	210	278
19801222	200	277
19801223	200	267
19801224	220	282
19801225	210	275
19801226	221	273
19801227	240	264
19801228	220	272
19801229	210	260
19801230	210	250
19801231	200	216
19810101	220	248
19810102	230	269
19810103	210	260
19810104	223	270
19810105	220	280
19810106	220	251
19810107	210	277
19810108	220	284
19810109	210	273
19810110	200	266
19810111	200	277
19810112	210	274
19810113	210	234
19810114	200	261
19810115	200	275
19810116	210	281
19810117	211	274
19810118	220	283
19810119	230	296
19810120	240	296
19810121	220	285
19810122	220	291
19810123	220	298
19810124	230	295
19810125	230	296
19810126	230	295
19810127	210	291
19810128	210	295
19810129	220	306
19810130	240	300
19810131	230	277
19810201	230	309
19810202	210	277
19810203	220	248
19810204	240	281
19810205	250	288
19810206	250	280
19810207	240	273
19810208	250	276
19810209	254	304
19810210	260	300
19810211	230	295
19810212	240	295
19810213	240	255
19810214	250	285
19810215	260	260
19810216	250	285
19810217	241	287
19810218	212	285
19810219	222	298
19810220	230	239
19810221	220	275
19810222	230	301
19810223	240	286
19810224	210	279
19810225	221	291
19810226	203	282
19810227	210	250
19810228	240	262
19810301	220	273
19810302	214	294
19810303	214	297
19810304	224	300
19810305	220	286
19810306	210	285
19810307	200	282
19810308	190	276
19810309	190	276
19810310	210	298
19810311	230	283
19810312	210	273
19810313	190	276
19810314	190	291
19810315	194	271
19810316	194	261
19810317	183	276
19810318	190	274
19810319	180	276
19810320	190	288
19810321	190	308
19810322	211	295
19810323	216	284
19810324	209	282
19810325	201	286
19810326	215	283
19810327	201	271
19810328	187	255
19810329	192	NA
19810330	186	218
19810331	210	255
19810401	202	208
19810402	196	235
19810403	195	254
19810404	204	259
19810405	198	238
19810406	192	261
19810407	201	228
19810408	205	260
19810409	202	223
19810410	200	277
19810411	188	240
19810412	170	255
19810413	150	278
19810414	141	308
19810415	150	256
19810416	139	275
19810417	159	273
19810418	171	261
19810419	173	258
19810420	176	251
19810421	168	260
19810422	171	266
19810423	172	277
19810424	189	258
19810425	171	267
19810426	176	257
19810427	164	244
19810428	152	263
19810429	121	258
19810430	161	233
19810501	149	234
19810502	170	232
19810503	168	241
19810504	159	242
19810505	150	240
19810506	144	247
19810507	134	281
19810508	121	216
19810509	113	247
19810510	114	232
19810511	126	231
19810512	130	228
19810513	150	225
19810514	168	211
19810515	150	209
19810516	151	230
19810517	166	233
19810518	160	225
19810519	162	200
19810520	150	191
19810521	180	173
19810522	185	228
19810523	152	206
19810524	124	196
19810525	110	206
19810526	100	203
19810527	97	206
19810528	115	229
19810529	122	223
19810530	148	225
19810531	154	235
19810601	191	192
19810602	168	210
19810603	142	197
19810604	100	186
19810605	91	224
19810606	120	158
19810607	116	167
19810608	82	196
19810609	74	200
19810610	89	181
19810611	148	192
19810612	114	191
19810613	80	200
19810614	74	175
19810615	127	201
19810616	90	198
19810617	71	187
19810618	98	196
19810619	106	174
19810620	95	199
19810621	144	202
19810622	113	212
19810623	117	212
19810624	123	169
19810625	39	172
19810626	50	170
19810627	68	228
19810628	71	212
19810629	112	231
19810630	133	211
19810701	158	235
19810702	165	253
19810703	166	200
19810704	71	199
19810705	118	177
19810706	62	181
19810707	84	173
19810708	61	179
19810709	64	192
19810710	69	172
19810711	56	182
19810712	34	200
19810713	64	195
19810714	68	192
19810715	110	197
19810716	98	196
19810717	129	191
19810718	117	196
19810719	132	205
19810720	140	194
19810721	138	202
19810722	159	210
19810723	106	224
19810724	174	235
19810725	100	195
19810726	103	216
19810727	77	193
19810728	89	205
19810729	148	173
19810730	72	181
19810731	62	190
19810801	78	192
19810802	90	199
19810803	85	227
19810804	98	279
19810805	122	212
19810806	94	212
19810807	84	206
19810808	91	194
19810809	132	225
19810810	100	183
19810811	80	190
19810812	44	182
19810813	90	205
19810814	124	232
19810815	117	225
19810816	52	200
19810817	62	255
19810818	170	224
19810819	106	227
19810820	92	228
19810821	120	258
19810822	69	214
19810823	64	232
19810824	112	184
19810825	128	142
19810826	128	198
19810827	90	207
19810828	147	200
19810829	55	200
19810830	66	212
19810831	72	226
19810901	91	213
19810902	91	217
19810903	120	210
19810904	128	210
19810905	113	205
19810906	132	206
19810907	120	203
19810908	130	215
19810909	115	225
19810910	122	242
19810911	120	226
19810912	134	227
19810913	149	242
19810914	148	220
19810915	148	229
19810916	145	245
19810917	135	246
19810918	128	233
19810919	127	231
19810920	128	250
19810921	160	234
19810922	136	241
19810923	150	248
19810924	174	256
19810925	198	247
19810926	156	242
19810927	224	259
19810928	139	216
19810929	130	234
19810930	135	232
19811001	130	237
19811002	120	240
19811003	184	246
19811004	140	129
19811005	91	216
19811006	123	220
19811007	142	223
19811008	142	235
19811009	150	236
19811010	145	240
19811011	162	241
19811012	158	238
19811013	162	239
19811014	177	235
19811015	164	241
19811016	185	222
19811017	158	207
19811018	159	207
19811019	165	246
19811020	176	264
19811021	162	314
19811022	191	228
19811023	140	246
19811024	174	213
19811025	165	228
19811026	150	236
19811027	160	239
19811028	170	254
19811029	190	248
19811030	192	245
19811031	183	241
19811101	204	211
19811102	182	185
19811103	187	185
19811104	194	234
19811105	192	261
19811106	192	240
19811107	200	239
19811108	180	225
19811109	196	240
19811110	184	252
19811111	196	295
19811112	200	247
19811113	196	240
19811114	190	224
19811115	186	245
19811116	210	241
19811117	188	217
19811118	150	222
19811119	180	197
19811120	148	188
19811121	180	225
19811122	193	259
19811123	191	260
19811124	211	250
19811125	203	258
19811126	197	254
19811127	203	251
19811128	180	266
19811129	211	302
19811130	212	246
19811201	210	275
19811202	231	270
19811203	239	215
19811204	191	269
19811205	218	269
19811206	217	287
19811207	232	363
19811208	243	266
19811209	213	315
19811210	211	218
19811211	198	266
19811212	208	270
19811213	218	283
19811214	230	286
19811215	201	205
19811216	195	209
19811217	190	215
19811218	211	271
19811219	228	292
19811220	242	311
19811221	241	284
19811222	250	295
19811223	249	296
19811224	229	290
19811225	230	292
19811226	230	295
19811227	226	342
19811228	242	307
19811229	252	275
19811230	209	302
19811231	250	296
19820101	252	298
19820102	241	326
19820103	231	289
19820104	233	284
19820105	223	287
19820106	240	302
19820107	214	300
19820108	241	294
19820109	233	264
19820110	208	281
19820111	213	276
19820112	219	294
19820113	228	297
19820114	230	285
19820115	218	255
19820116	222	241
19820117	222	268
19820118	222	276
19820119	230	236
19820120	236	272
19820121	232	255
19820122	235	288
19820123	240	295
19820124	240	308
19820125	233	291
19820126	226	301
19820127	220	253
19820128	201	280
19820129	218	267
19820130	226	290
19820131	233	292
19820201	227	298
19820202	237	272
19820203	203	276
19820204	204	301
19820205	218	290
19820206	209	268
19820207	200	270
19820208	208	250
19820209	206	282
19820210	212	290
19820211	204	295
19820212	213	291
19820213	218	247
19820214	216	269
19820215	213	241
19820216	212	300
19820217	221	321
19820218	236	325
19820219	256	314
19820220	240	288
19820221	243	311
19820222	231	286
19820223	206	281
19820224	224	266
19820225	210	226
19820226	201	278
19820227	218	270
19820228	215	270
19820301	210	267
19820302	210	253
19820303	221	234
19820304	232	287
19820305	236	294
19820306	221	292
19820307	240	266
19820308	214	288
19820309	232	292
19820310	240	286
19820311	240	286
19820312	230	269
19820313	222	283
19820314	235	286
19820315	250	260
19820316	202	263
19820317	191	273
19820318	196	268
19820319	189	277
19820320	204	256
19820321	195	266
19820322	194	266
19820323	190	272
19820324	186	270
19820325	190	276
19820326	204	269
19820327	198	269
19820328	194	279
19820329	198	283
19820330	204	282
19820331	224	241
19820401	198	255
19820402	196	264
19820403	190	278
19820404	211	276
19820405	202	279
19820406	211	255
19820407	191	270
19820408	192	276
19820409	182	236
19820410	178	240
19820411	173	212
19820412	182	249
19820413	186	250
19820414	180	255
19820415	180	210
19820416	165	243
19820417	169	248
19820418	170	261
19820419	171	249
19820420	164	252
19820421	169	234
19820422	154	238
19820423	146	247
19820424	146	250
19820425	141	244
19820426	142	252
19820427	178	251
19820428	166	216
19820429	110	220
19820430	119	219
19820501	150	224
19820502	149	231
19820503	135	226
19820504	152	240
19820505	159	222
19820506	151	252
19820507	139	264
19820508	122	263
19820509	147	254
19820510	128	247
19820511	108	250
19820512	100	236
19820513	78	245
19820514	111	236
19820515	170	233
19820516	146	200
19820517	156	217
19820518	150	238
19820519	152	239
19820520	144	258
19820521	120	245
19820522	91	220
19820523	89	202
19820524	143	198
19820525	156	225
19820526	150	232
19820527	140	234
19820528	157	227
19820529	180	212
19820530	182	196
19820531	144	226
19820601	110	191
19820602	92	194
19820603	92	198
19820604	110	200
19820605	130	207
19820606	124	206
19820607	131	206
19820608	111	195
19820609	121	200
19820610	132	204
19820611	119	213
19820612	120	221
19820613	80	182
19820614	98	160
19820615	81	200
19820616	102	225
19820617	101	210
19820618	71	202
19820619	92	192
19820620	42	198
19820621	89	168
19820622	106	168
19820623	40	184
19820624	71	189
19820625	72	186
19820626	68	204
19820627	76	212
19820628	65	197
19820629	70	198
19820630	60	202
19820701	70	187
19820702	85	193
19820703	94	207
19820704	57	202
19820705	71	206
19820706	53	221
19820707	56	204
19820708	58	210
19820709	30	204
19820710	68	198
19820711	70	201
19820712	84	199
19820713	116	176
19820714	130	153
19820715	126	171
19820716	120	180
19820717	107	190
19820718	79	192
19820719	150	179
19820720	81	186
19820721	88	186
19820722	110	179
19820723	118	204
19820724	112	182
19820725	98	207
19820726	90	210
19820727	89	207
19820728	83	219
19820729	66	224
19820730	59	190
19820731	89	184
19820801	50	198
19820802	68	204
19820803	126	213
19820804	132	209
19820805	130	205
19820806	118	172
19820807	110	210
19820808	119	190
19820809	125	206
19820810	135	201
19820811	136	197
19820812	106	208
19820813	107	256
19820814	110	233
19820815	130	218
19820816	138	207
19820817	119	207
19820818	117	200
19820819	147	187
19820820	114	205
19820821	130	194
19820822	120	185
19820823	136	186
19820824	125	209
19820825	106	220
19820826	110	212
19820827	110	216
19820828	106	220
19820829	113	223
19820830	119	224
19820831	112	222
19820901	131	234
19820902	131	226
19820903	120	225
19820904	130	246
19820905	172	221
19820906	160	234
19820907	178	191
19820908	121	200
19820909	146	196
19820910	110	211
19820911	88	207
19820912	120	205
19820913	125	206
19820914	131	191
19820915	140	155
19820916	115	203
19820917	106	218
19820918	107	211
19820919	140	224
19820920	138	194
19820921	128	202
19820922	135	178
19820923	120	221
19820924	78	243
19820925	106	252
19820926	146	245
19820927	145	288
19820928	180	282
19820929	124	246
19820930	138	188
19821001	109	220
19821002	125	220
19821003	126	225
19821004	109	240
19821005	149	229
19821006	130	211
19821007	149	213
19821008	129	230
19821009	142	236
19821010	156	149
19821011	159	212
19821012	144	207
19821013	169	219
19821014	156	240
19821015	160	246
19821016	182	250
19821017	139	261
19821018	103	222
19821019	122	227
19821020	131	262
19821021	128	246
19821022	120	232
19821023	140	250
19821024	162	228
19821025	179	228
19821026	180	230
19821027	169	243
19821028	148	257
19821029	168	246
19821030	160	249
19821031	174	254
19821101	190	178
19821102	144	231
19821103	142	239
19821104	160	231
19821105	147	228
19821106	160	240
19821107	174	257
19821108	185	265
19821109	210	267
19821110	210	254
19821111	201	244
19821112	191	232
19821113	180	242
19821114	165	245
19821115	170	257
19821116	206	251
19821117	200	256
19821118	188	275
19821119	221	250
19821120	188	258
19821121	200	260
19821122	190	261
19821123	186	265
19821124	188	260
19821125	190	266
19821126	202	284
19821127	211	283
19821128	231	255
19821129	221	248
19821130	211	261
19821201	204	256
19821202	214	254
19821203	216	264
19821204	212	276
19821205	219	266
19821206	226	278
19821207	203	284
19821208	193	269
19821209	200	273
19821210	208	285
19821211	210	250
19821212	185	262
19821213	186	252
19821214	192	271
19821215	212	269
19821216	209	282
19821217	230	276
19821218	230	282
19821219	230	288
19821220	216	288
19821221	225	265
19821222	220	247
19821223	194	260
19821224	185	266
19821225	217	290
19821226	229	229
19821227	213	255
19821228	182	272
19821229	207	276
19821230	215	260
19821231	231	262
19830101	235	246
19830102	235	260
19830103	230	254
19830104	192	276
19830105	198	282
19830106	206	284
19830107	220	281
19830108	216	291
19830109	229	278
19830110	240	291
19830111	242	288
19830112	262	276
19830113	195	230
19830114	200	266
19830115	210	272
19830116	212	260
19830117	205	295
19830118	214	283
19830119	226	270
19830120	200	264
19830121	192	272
19830122	192	277
19830123	196	276
19830124	200	287
19830125	206	282
19830126	205	282
19830127	219	285
19830128	233	282
19830129	204	292
19830130	211	285
19830131	206	290
19830201	203	274
19830202	205	288
19830203	219	291
19830204	230	278
19830205	208	290
19830206	215	290
19830207	190	280
19830208	200	295
19830209	194	290
19830210	202	300
19830211	200	297
19830212	215	274
19830213	220	305
19830214	234	281
19830215	220	294
19830216	185	281
19830217	208	306
19830218	250	292
19830219	208	285
19830220	204	286
19830221	202	238
19830222	200	281
19830223	208	255
19830224	208	294
19830225	237	288
19830226	234	296
19830227	230	239
19830228	224	274
19830301	218	282
19830302	218	270
19830303	226	262
19830304	231	272
19830305	220	276
19830306	212	277
19830307	211	280
19830308	214	284
19830309	208	289
19830310	210	287
19830311	226	270
19830312	195	269
19830313	172	277
19830314	190	281
19830315	187	287
19830316	209	280
19830317	195	243
19830318	189	227
19830319	196	274
19830320	210	229
19830321	229	293
19830322	168	284
19830323	201	304
19830324	215	319
19830325	227	282
19830326	208	279
19830327	198	278
19830328	203	256
19830329	200	271
19830330	200	284
19830331	200	282
19830401	194	271
19830402	196	281
19830403	197	255
19830404	200	254
19830405	218	296
19830406	184	287
19830407	152	261
19830408	196	256
19830409	189	261
19830410	191	256
19830411	180	250
19830412	190	270
19830413	218	220
19830414	172	248
19830415	146	252
19830416	159	245
19830417	150	251
19830418	124	231
19830419	110	239
19830420	150	245
19830421	158	246
19830422	192	235
19830423	182	230
19830424	180	241
19830425	200	229
19830426	150	154
19830427	152	191
19830428	179	197
19830429	188	253
19830430	200	215
19830501	203	233
19830502	190	204
19830503	186	215
19830504	131	242
19830505	148	246
19830506	150	240
19830507	155	243
19830508	152	235
19830509	152	251
19830510	150	242
19830511	143	242
19830512	188	238
19830513	168	207
19830514	172	225
19830515	174	220
19830516	170	265
19830517	183	214
19830518	148	231
19830519	148	226
19830520	170	215
19830521	176	181
19830522	180	218
19830523	180	215
19830524	171	229
19830525	174	211
19830526	171	226
19830527	184	189
19830528	172	215
19830529	128	207
19830530	118	210
19830531	96	194
19830601	94	203
19830602	97	218
19830603	137	206
19830604	137	209
19830605	134	183
19830606	136	202
19830607	130	224
19830608	121	209
19830609	114	191
19830610	60	195
19830611	80	190
19830612	74	197
19830613	69	206
19830614	76	206
19830615	105	200
19830616	129	216
19830617	137	201
19830618	160	195
19830619	150	169
19830620	167	203
19830621	159	167
19830622	152	170
19830623	155	207
19830624	138	205
19830625	144	187
19830626	129	157
19830627	129	155
19830628	109	181
19830629	120	194
19830630	93	238
19830701	103	253
19830702	150	211
19830703	114	187
19830704	83	192
19830705	124	171
19830706	148	167
19830707	125	164
19830708	88	146
19830709	77	180
19830710	72	187
19830711	88	209
19830712	128	200
19830713	127	211
19830714	130	161
19830715	133	171
19830716	128	181
19830717	119	196
19830718	109	166
19830719	130	158
19830720	121	196
19830721	89	188
19830722	124	215
19830723	95	210
19830724	116	188
19830725	117	195
19830726	119	174
19830727	135	187
19830728	152	215
19830729	166	193
19830730	143	190
19830731	71	196
19830801	83	230
19830802	100	179
19830803	92	186
19830804	110	180
19830805	116	185
19830806	125	195
19830807	100	206
19830808	145	201
19830809	116	231
19830810	109	219
19830811	122	207
19830812	116	186
19830813	128	201
19830814	128	172
19830815	131	194
19830816	126	210
19830817	142	175
19830818	138	217
19830819	138	202
19830820	76	187
19830821	82	190
19830822	94	198
19830823	120	207
19830824	140	198
19830825	125	208
19830826	152	172
19830827	137	200
19830828	104	197
19830829	91	205
19830830	62	208
19830831	80	236
19830901	108	216
19830902	119	215
19830903	113	209
19830904	127	241
19830905	136	222
19830906	166	232
19830907	150	245
19830908	182	240
19830909	208	263
19830910	132	235
19830911	99	243
19830912	99	278
19830913	121	253
19830914	186	283
19830915	175	240
19830916	169	186
19830917	160	188
19830918	148	218
19830919	145	240
19830920	142	241
19830921	136	295
19830922	169	240
19830923	162	251
19830924	146	286
19830925	182	215
19830926	142	213
19830927	139	215
19830928	147	242
19830929	137	242
19830930	167	252
19831001	185	245
19831002	174	260
19831003	162	245
19831004	180	258
19831005	199	181
19831006	146	212
19831007	120	214
19831008	125	232
19831009	140	237
19831010	174	192
19831011	180	210
19831012	186	230
19831013	192	224
19831014	175	275
19831015	202	268
19831016	196	268
19831017	196	270
19831018	175	265
19831019	218	219
19831020	199	229
19831021	123	264
19831022	159	225
19831023	175	225
19831024	180	206
19831025	159	229
19831026	172	240
19831027	176	255
19831028	173	280
19831029	191	266
19831030	192	264
19831031	169	256
19831101	204	262
19831102	199	255
19831103	212	282
19831104	202	301
19831105	213	268
19831106	210	262
19831107	200	257
19831108	183	262
19831109	211	291
19831110	199	278
19831111	203	271
19831112	232	254
19831113	208	269
19831114	222	260
19831115	203	261
19831116	235	217
19831117	187	274
19831118	176	239
19831119	190	220
19831120	186	199
19831121	164	164
19831122	170	233
19831123	173	244
19831124	169	228
19831125	168	213
19831126	168	234
19831127	175	222
19831128	192	201
19831129	189	195
19831130	180	277
19831201	219	281
19831202	212	240
19831203	198	230
19831204	185	187
19831205	176	200
19831206	170	262
19831207	200	231
19831208	184	254
19831209	198	246
19831210	193	245
19831211	174	247
19831212	181	243
19831213	192	257
19831214	194	266
19831215	211	276
19831216	215	283
19831217	221	260
19831218	211	260
19831219	206	258
19831220	195	265
19831221	182	270
19831222	198	274
19831223	193	276
19831224	204	278
19831225	201	295
19831226	190	304
19831227	231	288
19831228	210	216
19831229	202	234
19831230	190	238
19831231	207	256
19840101	226	250
19840102	216	244
19840103	220	282
19840104	230	292
19840105	220	254
19840106	205	254
19840107	218	256
19840108	210	270
19840109	203	270
19840110	227	290
19840111	226	284
19840112	229	264
19840113	230	266
19840114	226	248
19840115	233	226
19840116	221	261
19840117	230	290
19840118	226	276
19840119	220	256
19840120	209	266
19840121	193	270
19840122	198	289
19840123	230	280
19840124	231	275
19840125	242	278
19840126	209	284
19840127	218	267
19840128	207	261
19840129	213	275
19840130	240	260
19840131	214	286
19840201	209	265
19840202	198	257
19840203	186	262
19840204	181	272
19840205	180	290
19840206	197	278
19840207	189	297
19840208	212	293
19840209	213	280
19840210	202	296
19840211	218	245
19840212	219	280
19840213	201	271
19840214	217	276
19840215	229	281
19840216	223	278
19840217	211	285
19840218	209	253
19840219	211	266
19840220	207	282
19840221	222	289
19840222	220	262
19840223	217	272
19840224	192	276
19840225	219	264
19840226	228	223
19840227	210	301
19840228	214	317
19840229	219	257
19840301	201	255
19840302	213	229
19840303	182	265
19840304	200	270
19840305	204	273
19840306	206	267
19840307	202	279
19840308	192	292
19840309	224	273
19840310	196	265
19840311	208	270
19840312	218	289
19840313	214	289
19840314	229	284
19840315	222	267
19840316	206	273
19840317	193	275
19840318	191	256
19840319	190	275
19840320	182	293
19840321	165	258
19840322	188	280
19840323	201	274
19840324	201	259
19840325	191	259
19840326	218	299
19840327	217	292
19840328	166	245
19840329	178	265
19840330	160	269
19840331	159	263
19840401	182	255
19840402	170	257
19840403	165	257
19840404	170	236
19840405	174	259
19840406	183	245
19840407	202	204
19840408	199	203
19840409	188	230
19840410	189	235
19840411	182	240
19840412	168	241
19840413	163	245
19840414	160	247
19840415	163	240
19840416	171	242
19840417	188	227
19840418	188	227
19840419	177	255
19840420	178	260
19840421	182	202
19840422	168	246
19840423	155	247
19840424	147	262
19840425	144	251
19840426	168	241
19840427	148	234
19840428	134	249
19840429	145	241
19840430	170	234
19840501	172	235
19840502	161	245
19840503	157	244
19840504	153	239
19840505	153	251
19840506	151	232
19840507	138	215
19840508	92	211
19840509	95	230
19840510	93	223
19840511	118	215
19840512	128	256
19840513	138	161
19840514	128	222
19840515	126	224
19840516	143	219
19840517	158	225
19840518	156	206
19840519	152	220
19840520	155	188
19840521	149	216
19840522	143	193
19840523	112	235
19840524	88	238
19840525	102	215
19840526	120	214
19840527	150	215
19840528	134	207
19840529	138	200
19840530	140	221
19840531	134	183
19840601	130	219
19840602	128	226
19840603	121	228
19840604	125	225
19840605	147	222
19840606	139	217
19840607	142	210
19840608	134	198
19840609	138	194
19840610	157	187
19840611	151	204
19840612	143	215
19840613	135	209
19840614	133	209
19840615	138	210
19840616	139	194
19840617	170	189
19840618	162	182
19840619	122	200
19840620	95	191
19840621	136	212
19840622	116	217
19840623	107	210
19840624	118	190
19840625	120	211
19840626	137	193
19840627	107	211
19840628	100	211
19840629	116	174
19840630	86	167
19840701	94	184
19840702	70	187
19840703	50	119
19840704	83	117
19840705	96	177
19840706	57	189
19840707	70	186
19840708	81	205
19840709	113	205
19840710	127	194
19840711	141	210
19840712	113	196
19840713	140	167
19840714	122	130
19840715	147	159
19840716	130	187
19840717	137	162
19840718	138	205
19840719	106	200
19840720	149	191
19840721	76	205
19840722	137	185
19840723	145	186
19840724	144	175
19840725	147	173
19840726	138	162
19840727	188	184
19840728	93	195
19840729	133	196
19840730	95	208
19840731	67	223
19840801	76	215
19840802	101	204
19840803	108	210
19840804	126	215
19840805	151	215
19840806	120	208
19840807	114	228
19840808	101	224
19840809	104	218
19840810	134	235
19840811	167	185
19840812	105	175
19840813	91	183
19840814	101	188
19840815	79	189
19840816	78	199
19840817	93	197
19840818	99	233
19840819	98	221
19840820	93	222
19840821	168	186
19840822	84	208
19840823	75	229
19840824	100	213
19840825	144	223
19840826	77	198
19840827	72	226
19840828	87	217
19840829	118	190
19840830	90	212
19840831	83	213
19840901	78	216
19840902	137	247
19840903	96	229
19840904	114	231
19840905	152	198
19840906	82	224
19840907	105	221
19840908	99	220
19840909	140	266
19840910	136	226
19840911	157	241
19840912	167	212
19840913	142	159
19840914	134	182
19840915	158	215
19840916	148	222
19840917	173	228
19840918	109	207
19840919	113	186
19840920	109	213
19840921	98	224
19840922	106	239
19840923	108	219
19840924	92	233
19840925	88	229
19840926	168	243
19840927	107	220
19840928	101	258
19840929	102	228
19840930	111	198
19841001	119	201
19841002	118	215
19841003	135	220
19841004	170	216
19841005	163	221
19841006	156	200
19841007	130	215
19841008	151	223
19841009	129	238
19841010	131	260
19841011	160	249
19841012	162	253
19841013	191	241
19841014	164	255
19841015	170	248
19841016	202	273
19841017	196	216
19841018	182	179
19841019	160	173
19841020	149	204
19841021	163	175
19841022	160	193
19841023	155	196
19841024	149	238
19841025	156	232
19841026	164	233
19841027	173	232
19841028	168	232
19841029	200	231
19841030	178	220
19841031	180	240
19841101	170	218
19841102	178	225
19841103	188	245
19841104	208	242
19841105	192	240
19841106	180	250
19841107	195	220
19841108	192	235
19841109	210	271
19841110	220	282
19841111	220	271
19841112	222	242
19841113	222	288
19841114	196	268
19841115	210	264
19841116	195	240
19841117	177	240
19841118	162	250
19841119	176	262
19841120	178	273
19841121	201	270
19841122	200	277
19841123	222	217
19841124	153	259
19841125	182	252
19841126	176	242
19841127	197	256
19841128	183	256
19841129	188	259
19841130	204	248
19841201	205	273
19841202	225	281
19841203	224	273
19841204	232	228
19841205	174	290
19841206	207	270
19841207	209	262
19841208	200	198
19841209	172	243
19841210	194	240
19841211	238	282
19841212	210	295
19841213	230	249
19841214	238	260
19841215	236	367
19841216	248	279
19841217	227	276
19841218	240	296
19841219	237	244
19841220	230	312
19841221	228	274
19841222	220	268
19841223	204	265
19841224	192	268
19841225	207	279
19841226	221	285
19841227	232	272
19841228	218	247
19841229	210	222
19841230	182	266
19841231	200	262
19850101	189	288
19850102	232	320
19850103	252	380
19850104	236	286
19850105	222	304
19850106	232	314
19850107	220	289
19850108	218	297
19850109	209	305
19850110	233	330
19850111	248	309
19850112	231	280
19850113	200	273
19850114	206	275
19850115	204	284
19850116	210	285
19850117	211	292
19850118	222	310
19850119	197	260
19850120	202	274
19850121	210	295
19850122	230	297
19850123	233	291
19850124	211	282
19850125	233	270
19850126	228	263
19850127	228	268
19850128	206	282
19850129	210	285
19850130	218	278
19850131	209	291
19850201	231	275
19850202	225	270
19850203	213	262
19850204	202	281
19850205	207	285
19850206	208	271
19850207	199	271
19850208	219	262
19850209	182	257
19850210	203	277
19850211	201	271
19850212	208	267
19850213	198	277
19850214	204	303
19850215	238	275
19850216	213	292
19850217	228	290
19850218	220	290
19850219	228	278
19850220	217	246
19850221	222	240
19850222	228	256
19850223	214	290
19850224	230	290
19850225	209	301
19850226	190	287
19850227	201	284
19850228	230	301
19850301	230	290
19850302	239	294
19850303	232	294
19850304	216	285
19850305	222	285
19850306	228	289
19850307	207	258
19850308	182	244
19850309	192	258
19850310	203	257
19850311	210	258
19850312	223	265
19850313	230	252
19850314	218	257
19850315	216	251
19850316	202	265
19850317	193	258
19850318	190	271
19850319	184	271
19850320	198	227
19850321	202	276
19850322	216	271
19850323	205	262
19850324	196	277
19850325	200	254
19850326	188	264
19850327	191	243
19850328	179	236
19850329	190	245
19850330	178	244
19850331	191	232
19850401	188	244
19850402	176	269
19850403	198	269
19850404	200	270
19850405	168	268
19850406	180	256
19850407	218	272
19850408	203	274
19850409	200	273
19850410	209	227
19850411	180	260
19850412	176	247
19850413	164	270
19850414	170	270
19850415	200	260
19850416	190	245
19850417	162	228
19850418	170	228
19850419	152	255
19850420	123	226
19850421	150	211
19850422	156	192
19850423	159	227
19850424	174	217
19850425	165	234
19850426	161	238
19850427	158	237
19850428	169	252
19850429	170	250
19850430	180	242
19850501	168	249
19850502	164	254
19850503	182	247
19850504	180	234
19850505	176	228
19850506	162	240
19850507	152	244
19850508	180	252
19850509	140	239
19850510	125	224
19850511	148	176
19850512	144	210
19850513	155	192
19850514	144	217
19850515	133	213
19850516	157	218
19850517	155	229
19850518	142	225
19850519	138	220
19850520	109	152
19850521	140	225
19850522	148	217
19850523	160	210
19850524	140	223
19850525	136	200
19850526	140	218
19850527	160	174
19850528	152	211
19850529	165	224
19850530	166	225
19850531	147	223
19850601	150	228
19850602	150	225
19850603	176	179
19850604	141	184
19850605	97	186
19850606	87	146
19850607	103	199
19850608	128	209
19850609	128	204
19850610	139	206
19850611	90	221
19850612	91	214
19850613	88	204
19850614	90	207
19850615	128	196
19850616	116	207
19850617	103	208
19850618	120	209
19850619	118	203
19850620	114	214
19850621	100	171
19850622	98	193
19850623	72	172
19850624	29	169
19850625	26	173
19850626	88	180
19850627	64	197
19850628	63	200
19850629	66	203
19850630	84	200
19850701	109	198
19850702	125	193
19850703	126	210
19850704	123	208
19850705	110	202
19850706	144	208
19850707	138	181
19850708	134	158
19850709	138	201
19850710	114	209
19850711	117	215
19850712	122	195
19850713	98	181
19850714	68	190
19850715	63	220
19850716	99	243
19850717	96	177
19850718	67	177
19850719	78	185
19850720	80	192
19850721	72	197
19850722	59	205
19850723	90	204
19850724	103	183
19850725	100	185
19850726	73	213
19850727	83	193
19850728	80	200
19850729	74	217
19850730	90	232
19850731	96	184
19850801	67	184
19850802	58	174
19850803	114	194
19850804	99	193
19850805	100	190
19850806	103	202
19850807	158	152
19850808	113	204
19850809	53	210
19850810	76	202
19850811	85	202
19850812	82	213
19850813	91	131
19850814	98	194
19850815	100	197
19850816	106	210
19850817	115	224
19850818	129	224
19850819	86	203
19850820	97	185
19850821	110	198
19850822	120	197
19850823	150	190
19850824	97	226
19850825	92	219
19850826	102	232
19850827	128	230
19850828	116	215
19850829	124	224
19850830	160	173
19850831	134	202
19850901	162	255
19850902	105	160
19850903	98	190
19850904	84	200
19850905	105	185
19850906	106	190
19850907	119	201
19850908	113	207
19850909	120	190
19850910	118	217
19850911	138	213
19850912	99	226
19850913	140	223
19850914	148	243
19850915	134	257
19850916	103	277
19850917	128	266
19850918	176	237
19850919	163	224
19850920	174	206
19850921	150	218
19850922	118	218
19850923	124	240
19850924	132	239
19850925	144	251
19850926	176	277
19850927	146	235
19850928	140	181
19850929	120	182
19850930	122	199
19851001	126	217
19851002	128	228
19851003	134	240
19851004	130	230
19851005	135	235
19851006	142	235
19851007	158	240
19851008	160	240
19851009	172	228
19851010	163	219
19851011	152	234
19851012	163	231
19851013	170	221
19851014	154	248
19851015	170	229
19851016	180	269
19851017	188	258
19851018	211	305
19851019	200	234
19851020	155	228
19851021	150	268
19851022	130	245
19851023	204	236
19851024	162	240
19851025	167	253
19851026	169	224
19851027	160	195
19851028	149	207
19851029	148	221
19851030	158	242
19851031	178	272
19851101	190	219
19851102	181	232
19851103	187	230
19851104	190	225
19851105	183	228
19851106	178	236
19851107	203	242
19851108	211	236
19851109	206	245
19851110	206	278
19851111	221	272
19851112	202	255
19851113	192	252
19851114	201	244
19851115	219	263
19851116	216	292
19851117	221	273
19851118	222	254
19851119	196	230
19851120	169	239
19851121	202	222
19851122	208	242
19851123	180	224
19851124	183	220
19851125	196	226
19851126	206	233
19851127	201	296
19851128	204	305
19851129	221	280
19851130	213	262
19851201	218	261
19851202	195	170
19851203	158	231
19851204	180	240
19851205	205	269
19851206	221	273
19851207	223	265
19851208	232	269
19851209	231	260
19851210	216	298
19851211	200	310
19851212	214	335
19851213	231	319
19851214	219	290
19851215	223	285
19851216	222	287
19851217	203	280
19851218	229	345
19851219	232	338
19851220	236	312
19851221	262	346
19851222	252	291
19851223	205	289
19851224	212	320
19851225	216	274
19851226	239	279
19851227	253	317
19851228	238	299
19851229	232	281
19851230	231	284
19851231	220	270
19860101	239	298
19860102	232	284
19860103	228	274
19860104	232	275
19860105	217	288
19860106	209	278
19860107	202	271
19860108	205	278
19860109	215	280
19860110	229	231
19860111	190	305
19860112	226	318
19860113	255	315
19860114	240	297
19860115	240	298
19860116	231	296
19860117	246	297
19860118	232	270
19860119	218	304
19860120	226	300
19860121	213	291
19860122	209	301
19860123	218	268
19860124	200	292
19860125	180	227
19860126	204	270
19860127	191	280
19860128	204	288
19860129	198	265
19860130	197	267
19860131	196	286
19860201	211	285
19860202	222	274
19860203	224	285
19860204	250	280
19860205	232	293
19860206	230	298
19860207	236	298
19860208	220	267
19860209	213	297
19860210	222	299
19860211	232	299
19860212	216	286
19860213	220	264
19860214	204	287
19860215	208	293
19860216	198	281
19860217	190	278
19860218	189	288
19860219	208	302
19860220	174	318
19860221	220	301
19860222	190	298
19860223	201	291
19860224	220	201
19860225	190	281
19860226	219	276
19860227	224	265
19860228	199	272
19860301	186	274
19860302	185	276
19860303	200	289
19860304	211	282
19860305	206	268
19860306	201	263
19860307	206	280
19860308	192	290
19860309	190	290
19860310	175	275
19860311	175	258
19860312	176	266
19860313	186	265
19860314	211	274
19860315	193	281
19860316	193	290
19860317	219	276
19860318	196	272
19860319	199	277
19860320	195	278
19860321	194	272
19860322	194	241
19860323	195	272
19860324	191	252
19860325	195	270
19860326	198	242
19860327	211	276
19860328	210	270
19860329	200	251
19860330	192	256
19860331	183	269
19860401	192	255
19860402	182	256
19860403	165	271
19860404	175	273
19860405	173	273
19860406	205	242
19860407	182	255
19860408	174	262
19860409	176	266
19860410	180	234
19860411	192	252
19860412	174	255
19860413	178	256
19860414	179	232
19860415	163	222
19860416	168	251
19860417	172	250
19860418	193	260
19860419	176	273
19860420	189	250
19860421	180	258
19860422	180	267
19860423	195	266
19860424	183	270
19860425	196	275
19860426	167	283
19860427	210	271
19860428	209	260
19860429	195	260
19860430	202	255
19860501	204	219
19860502	183	203
19860503	176	240
19860504	186	199
19860505	176	230
19860506	176	206
19860507	179	242
19860508	197	225
19860509	198	239
19860510	173	244
19860511	168	196
19860512	142	257
19860513	156	237
19860514	171	235
19860515	164	242
19860516	181	235
19860517	159	242
19860518	152	241
19860519	156	248
19860520	111	223
19860521	109	211
19860522	102	234
19860523	117	230
19860524	136	272
19860525	144	226
19860526	136	228
19860527	138	230
19860528	159	222
19860529	168	225
19860530	139	229
19860531	143	231
19860601	141	222
19860602	148	212
19860603	137	209
19860604	128	217
19860605	130	206
19860606	140	220
19860607	159	226
19860608	143	256
19860609	103	224
19860610	123	215
19860611	119	207
19860612	156	205
19860613	133	223
19860614	157	229
19860615	159	210
19860616	144	237
19860617	143	235
19860618	152	222
19860619	158	205
19860620	126	158
19860621	115	182
19860622	52	193
19860623	69	177
19860624	74	175
19860625	67	187
19860626	75	161
19860627	56	190
19860628	122	230
19860629	82	224
19860630	84	194
19860701	91	203
19860702	136	207
19860703	168	178
19860704	138	224
19860705	171	227
19860706	96	220
19860707	86	202
19860708	116	213
19860709	124	159
19860710	73	170
19860711	63	184
19860712	62	197
19860713	89	188
19860714	119	187
19860715	143	170
19860716	152	204
19860717	190	224
19860718	148	222
19860719	121	201
19860720	113	189
19860721	103	205
19860722	102	197
19860723	109	205
19860724	131	238
19860725	160	204
19860726	92	180
19860727	112	164
19860728	148	154
19860729	104	189
19860730	103	197
19860731	82	221
19860801	91	208
19860802	84	224
19860803	119	239
19860804	154	191
19860805	121	179
19860806	79	171
19860807	112	212
19860808	144	200
19860809	122	172
19860810	84	192
19860811	90	216
19860812	94	210
19860813	96	207
19860814	149	200
19860815	164	172
19860816	160	193
19860817	146	140
19860818	74	210
19860819	82	205
19860820	80	212
19860821	108	190
19860822	130	199
19860823	112	197
19860824	122	219
19860825	99	218
19860826	136	215
19860827	90	207
19860828	100	206
19860829	115	218
19860830	107	219
19860831	127	186
19860901	84	204
19860902	108	220
19860903	123	221
19860904	112	226
19860905	124	225
19860906	126	226
19860907	132	219
19860908	134	212
19860909	129	210
19860910	119	214
19860911	126	224
19860912	141	217
19860913	169	237
19860914	186	259
19860915	135	217
19860916	130	208
19860917	160	278
19860918	155	250
19860919	122	232
19860920	108	221
19860921	108	264
19860922	139	244
19860923	153	228
19860924	158	236
19860925	142	242
19860926	170	257
19860927	177	248
19860928	167	226
19860929	170	207
19860930	177	184
19861001	168	219
19861002	186	245
19861003	182	235
19861004	192	282
19861005	177	247
19861006	210	243
19861007	178	266
19861008	172	272
19861009	190	237
19861010	180	289
19861011	157	238
19861012	131	236
19861013	159	242
19861014	155	253
19861015	189	237
19861016	184	222
19861017	171	237
19861018	170	250
19861019	189	256
19861020	173	273
19861021	155	233
19861022	178	248
19861023	180	241
19861024	145	278
19861025	138	294
19861026	150	246
19861027	166	177
19861028	121	230
19861029	161	238
19861030	174	236
19861031	185	256
19861101	206	279
19861102	185	251
19861103	190	235
19861104	180	244
19861105	176	242
19861106	178	257
19861107	189	259
19861108	191	268
19861109	166	213
19861110	173	246
19861111	166	254
19861112	172	239
19861113	172	233
19861114	194	254
19861115	187	236
19861116	181	258
19861117	189	265
19861118	222	273
19861119	143	236
19861120	150	241
19861121	163	236
19861122	171	249
19861123	179	278
19861124	190	276
19861125	220	267
19861126	222	260
19861127	210	274
19861128	198	195
19861129	175	190
19861130	175	172
19861201	168	191
19861202	172	198
19861203	182	227
19861204	152	249
19861205	170	240
19861206	177	257
19861207	183	238
19861208	202	306
19861209	186	254
19861210	180	251
19861211	206	274
19861212	198	296
19861213	200	313
19861214	234	251
19861215	212	293
19861216	219	286
19861217	217	278
19861218	228	277
19861219	217	277
19861220	217	301
19861221	218	270
19861222	252	278
19861223	243	264
19861224	224	290
19861225	216	261
19861226	224	279
19861227	206	300
19861228	243	292
19861229	238	260
19861230	218	279
19861231	203	281
