Activity
1.26
1.56
1.63
1.66
1.59
1.33
1.08
1.08
1.07
0.9
0.72
0.82
1.18
1.48
1.57
1.57
1.61
1.57
1.46
1.39
1.26
1.14
1.2
1.14
0.9
1.34
1.58
1.67
1.68
1.55
1.02
1.22
1.28
0.99
1.2
1.1
1.02
1.09
1.31
1.48
1.47
1.52
1.55
1.51
1.48
1.24
1.17
0.94
1
0.6
1.12
1.51
1.58
1.67
1.54
1.34
1.17
1.03
0.98
0.97
0.66
0.85
0.54
1.17
1.36
1.31
1.46
1.52
1.51
1.14
1.2
1.27
1
0.96
0.72
0.97
1.25
1.48
1.63
1.51
1.44
1.19
1.08
0.95
0.94
0.72
0.74
0.75
1.12
1.38
1.35
1.38
1.39
1.48
1.45
1.26
0.94
1.09
0.92
0.83
0.89
1.33
1.44
1.57
1.46
1.35
1.36
0.98
0.84
0.5
0.63
0.81
0.8
1.07
1.29
1.23
1.35
1.4
1.25
1.35
1.07
1.15
1.18
1.04
0.92
0.59
1.32
1.32
1.43
1.49
1.3
1.1
1.17
0.98
0.74
0.93
0.6
0.93
1.09
1.35
1.25
1.35
1.38
1.41
1.41
1.06
1.24
1.15
0.83
0.8
0.78
1.16
1.34
1.45
1.28
1.3
1.17
0.87
0.91
1.1
0.74
0.72
0.77
0.96
1.15
1.06
1.34
1.36
1.03
1.22
1.1
1.13
1
0.99
0.85
0.98
1.26
1.36
1.29
1.33
1.02
0.91
0.76
0.89
0.77
0.75
0.75
1.02
0.98
1.09
0.95
1.42
1.25
1.06
1.04
1.27
1.32
1.04
0.74
0.93
0.77
0.99
1.2
1.02
1.28
1.17
1.13
0.95
0.8
0.97
0.65
0.83
1.05
0.93
1.09
1.11
1.18
1.22
1.06
0.98
1.22
1.22
1.08
0.99
0.89
