Magnitude
5
27
46
64
80
91
97
97
93
84
75
65
53
42
33
28
25
25
26
27
28
32
33
32
28
22
12
2
-8
-20
-30
-38
-46
-50
-52
-53
-52
-50
-49
-47
-45
-43
-43
-49
-54
-61
-67
-71
-74
-75
-74
-71
-63
-52
-35
-15
5
26
46
63
80
92
98
98
93
84
76
65
54
43
34
28
27
27
28
29
30
32
33
32
29
22
13
3
-7
-19
-29
-38
-46
-50
-53
-53
-50
-47
-44
-43
-44
-48
-54
-60
-67
-72
-76
-77
-76
-72
-64
-54
-38
-18
3
25
